label,id
0,23358834
1,10021266
0,27854268
0,30750233
0,46442048
0,5854267
0,10200513
0,15511455
0,7302306
0,36051601
0,54772207
0,24274084
0,14577006
0,72764448
0,17030323
0,23508364
0,60688
0,5163808
0,25177014
0,66401354
0,21154056
0,41822566
0,44130000
0,61825787
0,16176175
0,14770842
0,8780183
0,25560680
0,17015786
0,5528304
0,7713337
0,33243840
0,40844501
0,62402712
0,6308847
0,7141506
0,68654533
0,17538634
0,71208372
0,52027113
0,11384588
0,10044248
0,60311134
0,41844488
0,43368400
0,32170041
0,36538734
0,21022410
0,21128642
0,7716501
0,23842458
0,42217151
0,5112133
0,28016736
0,67825582
1,58416340
0,62112824
0,43583006
0,86835418
0,74678526
0,6203317
0,64206364
0,66568255
0,32277183
0,72576161
0,7725326
0,44182354
0,17857117
0,36625834
0,18685254
0,11712146
0,84184533
0,41580588
0,66804371
0,5010137
0,16543067
0,21503256
0,38547116
0,36273300
0,18525648
0,62682635
0,46113631
0,52861455
0,38248227
0,40007355
0,70877063
0,7381588
0,80472855
0,22213425
0,35163673
0,11270272
0,13047245
0,62287078
0,41282136
0,7474403
0,71018053
0,26147732
0,80518711
0,76123731
0,85645261
0,67502664
1,8043292
0,54300100
0,26856405
1,58840434
0,42388500
0,6808063
0,36631570
0,41258547
0,46504636
0,13611247
0,24858572
0,22031308
0,40705273
0,47824321
0,25246685
0,5275301
0,7627247
0,35228867
0,30673663
0,23457711
0,8641537
0,37362172
0,70546886
0,38124061
0,70383331
0,76656087
0,54563264
0,36745808
0,15363887
0,20050244
0,48058188
0,140271
0,62650571
0,217205
0,8522686
0,6214377
0,48800438
0,60111134
0,6614808
0,26113332
0,33072658
0,57500711
0,24256832
0,38644868
0,50788251
0,27273301
0,63360572
0,65572601
0,14841044
0,68385577
0,54848573
0,52467814
0,21360460
1,66964228
0,58612576
0,10576666
1,8460531
0,33381702
0,560037
0,32830460
0,34653137
0,53063107
0,22781071
0,65114770
0,18333545
0,35180266
0,43378057
0,32665862
0,21057851
0,55647582
0,36707263
0,13086286
0,24866254
1,73364457
0,76826745
0,20318254
0,13673338
0,23463353
0,8504713
0,33814788
0,56321110
0,52343811
1,9774918
0,53687785
1,41420047
0,51823404
0,50356543
0,31673152
0,21802480
0,73287267
0,14232327
0,71352880
0,13525715
0,54082880
0,64627136
0,14827107
0,15233564
0,65222372
0,44740634
0,15845188
0,27040568
0,34372687
0,38564081
0,36762263
0,56734635
0,33177438
0,21465167
0,53767051
0,61425762
0,10472774
0,11413812
0,24575473
0,31441326
0,66721733
0,5045001
0,31653256
0,47233068
0,5463804
0,44880051
0,76625564
1,64811481
0,25218812
0,26013770
0,6588438
0,55151340
1,7631232
0,53853058
0,16463751
0,51855146
0,68616025
0,64617023
0,35466308
0,65177127
0,14223803
0,35540368
0,48058266
0,28663674
0,16053241
0,22708360
0,58033044
0,40844708
0,68776632
0,37643622
0,34284626
0,46587637
0,46653086
1,22674085
0,34870413
0,84576608
0,54167244
0,13316805
0,48032332
0,45825044
0,27723154
0,42484135
0,68458214
1,73121784
0,65533124
0,70086800
1,63555998
0,51728401
1,7632973
1,6385889
0,31625688
0,10175282
0,23476785
0,22413848
0,38822103
0,72085783
0,45142818
0,45137213
0,46703610
0,15346553
0,24863816
0,6741407
0,8255486
0,12147040
0,41002838
0,56230387
0,41423184
0,36315041
0,36667040
0,54016221
0,36637488
0,25000811
0,44073273
0,8325344
0,33212647
0,11813505
0,22468283
0,18677311
1,21537406
0,5438087
0,11201130
0,14155537
0,63776544
0,62728060
0,13821354
0,65764337
1,68934449
0,58886570
0,44552135
0,36246227
0,71715162
0,60008002
0,8126657
0,27040581
0,18453561
0,37771127
0,50778137
0,34520036
0,40751161
0,46443338
0,20316865
0,28764678
0,7007110
1,6555445
0,71443173
0,74111206
0,34653742
0,26536631
0,37151151
0,8738220
0,8655344
0,13417632
0,57400858
0,71771370
0,21745578
0,43067534
0,74714243
0,73526504
0,40550368
0,74028741
0,53680075
1,7580629
0,21208324
0,70730776
0,63775100
0,55233104
0,22625321
0,62453070
0,42565164
0,41474663
0,52133242
0,41721052
0,51486550
0,16861630
0,28832241
0,50481053
0,48468386
0,45186774
0,50455838
0,54874002
0,32687155
0,14441574
0,52304367
0,25616855
0,56854441
0,74170535
0,74588005
0,35130763
0,70835754
0,24270054
0,32463638
0,60232564
0,42583413
0,7714357
0,11353586
0,63011750
0,12121824
0,12660373
0,40543504
0,48583551
0,85730726
0,26458138
0,27578780
0,25341248
0,46613603
0,50773773
0,84788686
0,71174663
0,14543387
0,8640083
0,50173562
0,42016561
0,48828740
0,51548112
0,17324245
0,25458216
0,70725268
0,53500541
0,64730133
0,50670828
0,14764108
1,18693008
0,52563473
0,50048783
0,10325182
0,20601572
0,50624286
0,50568420
0,57588050
0,57411741
0,62507761
0,63623100
0,46613615
0,48275781
0,57625252
0,27230772
0,25050371
0,51137152
0,22325121
0,27316647
0,46632268
0,67517764
0,15151818
0,45730064
0,33007058
0,15842317
0,33330208
0,23637724
0,72540175
0,34382156
0,45182442
0,41583415
0,11473485
0,24814746
0,28325713
0,61076522
0,32558263
0,14637086
0,36013656
0,56322588
0,38823448
0,24101525
0,32786052
0,36244818
0,11414505
0,38426131
0,41681768
0,60037623
0,54060166
0,42451230
0,54158857
0,54281678
0,55505460
0,22488618
0,15524861
0,37613460
0,56471215
0,15505170
0,56754660
0,31083067
0,16271401
0,12241803
0,8388256
0,56502800
0,23347087
0,48415561
0,45865264
0,53153672
0,83375711
0,81154328
0,82536160
0,80361338
0,84377841
0,57218152
0,86364266
0,60646841
0,82760188
1,80436569
0,68624565
1,59119466
0,80018321
1,68216656
1,72105262
0,71321807
0,72086504
0,83826162
0,81771434
0,30610054
0,76601523
0,68540462
0,84131764
0,18327333
0,83620527
0,87288017
0,12335231
0,57834487
0,83851067
0,16425820
0,53467527
0,78754873
0,7252164
0,82031533
1,42366467
0,77312181
0,13101271
0,53615832
0,11758261
0,28600472
0,6580461
0,23811661
0,50032480
0,51371380
0,87270160
0,10003236
0,45617122
0,71754061
0,14634055
0,5487421
0,7467103
0,44534672
0,56660628
0,48810241
0,62357468
0,37320361
0,18447465
0,38282743
0,21127564
0,13276551
0,66362126
0,7503551
0,26478241
0,6561878
0,7221716
0,43160614
0,34225104
0,46604633
0,38865242
0,7034337
0,8130056
0,25543066
0,64514050
0,43773388
0,46580118
0,38345670
0,27868246
0,8570137
0,65661188
1,74673131
0,84166414
1,79537044
0,37415437
0,35345124
0,36527516
0,83401
0,51002022
0,15273431
0,30345403
0,87116233
0,50377624
0,32135607
0,426166
0,68477577
0,32432578
0,15230771
0,32015221
0,72466020
0,44275336
0,15844704
0,87054108
0,10552683
0,7075713
0,12720456
0,48678502
0,44110633
0,16001863
0,65584410
0,37023162
0,56014132
0,6340425
0,11834036
0,55304176
0,17458388
0,45075306
0,30637786
0,42588047
0,13823020
0,65834564
0,25550772
0,14607665
0,14108680
0,7113624
0,35800758
0,15632281
0,36766804
0,7711475
0,54564442
0,7684043
0,35774230
0,25058247
0,23655760
0,76533581
0,74556717
0,73444181
0,14327430
0,74725088
0,5516351
0,56142042
0,5302047
0,17220861
0,86847626
0,15754621
0,447542
0,6737151
0,81662247
0,13173123
0,632482
0,10208040
0,10718126
0,40335768
0,84235265
0,26082025
0,7224504
0,11660486
0,72582480
0,66504701
0,62864646
0,16804273
0,65818341
0,58062088
0,34614188
0,14285658
0,55887083
0,35386114
0,56207132
0,45460583
0,85786483
0,8250513
0,8208177
0,20388627
0,44081434
0,14566202
0,61057445
0,27756042
0,33648343
0,54076165
0,27204461
0,54575386
0,76604708
0,61014537
0,30680433
0,16865416
0,24724444
0,7477054
0,65832251
0,56668386
0,27468442
0,55614715
0,71162663
0,55056067
0,53334715
0,63564771
0,6681448
0,86467332
0,85152846
0,8173656
0,5408477
0,72883408
0,74265084
0,15083717
0,8787365
0,8585038
0,28874214
0,43727604
0,18884823
0,14812315
0,26345438
0,7186403
0,57330511
0,51352881
0,33205326
0,46817332
0,17481422
0,24044063
0,8646035
1,64804855
0,18426444
0,21340678
0,22114378
0,38424317
0,15183378
0,11856461
0,71783180
0,87305720
0,80184141
0,31614085
0,20621331
0,46758582
0,34535725
0,53600320
0,11334105
0,42351787
0,64416674
0,41713443
0,86381772
0,85738154
0,53602282
0,40667412
0,84051553
0,53853470
0,78152374
0,24367834
0,32007233
0,101680
0,5674866
0,30124826
0,51230276
0,64136541
0,30550121
0,18835044
1,11306262
0,41762853
0,55025078
0,8700527
0,84003423
0,16122431
0,78725721
0,31565578
0,22060444
0,21423284
0,85268037
0,66400071
0,78536511
0,85138604
0,20845881
0,86300045
0,10851032
0,14517441
0,26744720
0,40202741
0,58022257
1,7964127
0,15146325
0,26064116
0,12431225
0,40568682
0,72345536
0,31200818
0,58284738
0,41801021
0,34216425
0,7372354
0,84773875
0,62838832
0,25244112
0,40626321
0,44055052
0,28431050
0,23727204
0,36745804
1,21363966
1,41027449
1,67594903
0,28550647
1,63684351
1,52630458
0,75830826
0,55538175
0,56174016
1,77233169
0,36015461
0,6856041
0,52356146
0,7387152
0,11185337
0,74835563
0,87232328
0,5103535
0,16657322
0,52045854
0,65485182
0,12253748
0,82263531
0,33831630
0,8407272
0,35348361
0,53874845
0,11332530
0,21500380
0,75102040
1,6819946
1,7072443
0,86117820
0,27428220
0,16748271
0,15721760
0,21021845
0,58638355
0,67545461
0,74100453
0,58851161
0,44243856
0,43837871
0,50315742
0,58845532
0,71840748
0,32527104
0,50724828
0,55213746
0,72021366
0,57132733
0,63507103
0,77834180
0,43221153
0,56286722
0,31753473
0,82310766
0,27031147
0,48176414
0,67020038
0,35180707
0,62420457
0,25838183
0,78144267
0,6681638
0,67065670
0,44505577
0,31462053
1,22446633
0,7208816
0,25487137
0,43873872
0,23616743
0,36207577
0,43870050
0,14502782
0,15257464
0,10124010
0,18510525
0,32106641
0,24785414
0,58407727
0,14166657
0,23644282
1,45455486
0,24518878
0,53088477
0,78111772
0,45738538
0,21650117
0,18786535
0,44786777
0,36124611
0,14667088
0,38801175
0,6584227
0,86710625
0,8837662
0,30784105
0,38841858
0,28477010
0,32446807
0,24578148
0,12888637
0,32385618
0,26740353
0,13583533
0,82017827
0,7280607
0,58874651
0,84416084
0,54274432
0,25452530
0,13138458
0,26116215
0,70807582
0,50641537
0,63045785
0,12641623
0,16605484
0,45485473
0,31543057
0,32323535
0,76272760
0,40455413
0,45013222
0,42207260
0,75533534
0,25683765
0,81235804
0,35324561
0,78022357
0,60463085
1,63819925
0,15224551
0,25382760
0,83811156
0,52114165
0,16830100
0,25885118
0,40085746
0,54081606
0,10546431
1,51562025
0,65317323
1,43972290
0,55622548
0,47377777
0,18117311
0,30766583
0,44520060
0,53235640
0,43788055
0,58732652
0,48376710
0,58783533
0,16543536
0,37607300
1,73581861
0,16662344
0,58674438
0,7038337
0,63375005
1,79169764
0,17428153
0,71336331
0,22545210
0,83555210
0,33470065
0,32805340
0,55604222
0,8138623
0,55248726
0,62682630
0,76573086
0,63801352
1,68728930
0,40517334
0,36630245
0,20883583
0,72516854
0,7567137
0,40324046
0,56866170
0,74375240
0,57054338
1,73905273
0,38711801
0,7738341
0,30002071
0,36411167
0,22003712
0,11206787
0,30164506
0,16714370
0,15385067
0,12383528
0,16833244
0,56034641
0,21362725
0,50887510
0,15102722
0,26173128
0,33762876
0,72222643
0,52848075
0,41743678
0,27251427
0,73450261
0,22078526
1,60965019
0,85351782
0,33006708
0,21130677
0,28185853
0,43602314
0,31733837
0,48551350
0,40761383
0,55102881
0,14256206
0,16481274
0,38020764
0,41208427
0,55335544
0,34772267
0,52514743
0,62277446
0,17867482
1,34382997
0,72631220
0,61305817
0,41144573
0,33676841
0,52547150
0,26017142
0,84286306
0,45832414
0,61401580
0,24740037
0,31370150
0,41766074
0,40542643
0,23740750
0,54573038
0,18841486
1,37608477
1,82866993
0,30325227
0,64258841
0,63824227
0,64811088
0,28368127
0,28714806
0,67344423
0,27685481
0,71621528
0,33871470
0,41643081
0,48005821
0,15335843
0,34111760
0,40343286
0,13633173
0,25808535
0,11306670
0,73486030
0,52583384
0,30223051
0,23850048
0,12731134
0,44433620
0,31413533
0,51145001
0,22404375
0,12812643
0,80112032
0,83111130
0,51715141
0,17043514
0,5520200
0,78862304
0,34053551
0,37884880
0,62563312
0,37230267
0,73887336
0,52452240
0,57118337
0,53428735
0,74351147
0,52103170
0,62408532
0,70673283
0,5705088
0,50728438
0,58000016
0,61836533
0,48873756
0,55643445
0,68844222
0,40840152
0,36133370
0,56528445
0,44767810
0,78287350
0,85087871
1,63193996
0,32172120
0,30750760
0,31746042
1,7607230
0,74123274
0,30178866
0,26470085
0,62405184
0,70516647
0,23046847
0,56400500
0,27867446
0,76421686
1,39248182
0,40555255
0,16202773
0,25244786
0,86635644
0,33647584
0,45322228
0,27136538
0,8788548
0,16433385
0,55040628
0,43443426
0,11613265
0,71442364
0,48318243
0,5808032
0,85145256
0,31020147
0,26307561
0,71064520
0,12605484
0,30171630
0,36083065
0,15514084
0,45340107
0,50335758
0,78862672
0,32574135
0,22582262
0,34285387
0,73535352
0,10126321
0,24604154
0,61734184
0,37148870
0,50767828
0,33808287
0,24771506
0,12166018
0,65416000
0,25817786
1,42591108
0,52005465
0,47587733
0,71015558
0,33586150
0,81045075
0,10402242
0,65301576
0,72151550
0,63637425
0,50488202
0,16746542
0,25438638
0,72658763
0,33236333
0,14827144
0,20177570
0,30848254
0,52784406
0,54872607
0,70042366
0,75140648
0,44257773
0,33806560
0,60000011
0,48484781
0,22255225
0,46461266
0,33771635
0,10860001
0,40640227
0,62714418
0,54335778
0,54617832
0,81050684
0,82758275
0,17134747
0,68260347
0,58580778
0,15442885
0,28512018
0,78285366
0,62530458
0,66136173
0,28183017
0,55065728
0,56382003
0,30507416
0,43318056
0,42155365
0,40154854
0,70220143
0,57533471
0,6528717
0,35586466
0,7220830
0,45422471
0,53013823
0,43763724
0,12385547
0,53117627
0,32083868
0,11301232
0,30423731
0,61447544
0,16610485
0,14210428
0,23651708
0,62724501
0,73148347
0,51208786
0,60067053
0,50363427
0,23413570
0,36637786
0,16104714
0,40274764
0,38145750
0,72477001
0,42866758
0,22237737
0,5127003
0,51610255
0,53212072
0,50755451
0,42012331
0,23785088
0,5641506
0,44874017
0,63646473
0,22244365
0,24787208
0,58232818
0,23117581
0,36452231
0,58173828
0,47883274
0,46421462
0,26040551
0,52334351
0,50772681
0,57656342
0,26876812
0,46658023
0,27353453
0,12271731
0,51512223
0,86511577
0,24563548
0,70560712
0,14020284
0,12352188
0,31784735
0,28314343
0,6275740
0,45710757
0,26484168
0,38705632
0,37375522
0,7504115
0,18470411
0,55538345
0,15485177
0,34636371
0,67010223
0,73574737
0,24565364
0,46103503
0,57644638
0,23010645
0,33421285
0,47881612
0,5485333
0,31157832
0,60581183
0,46675764
0,71702186
0,56551261
0,36338611
0,70202670
0,62673444
0,70615870
0,46266036
0,16701060
0,37687378
0,65633463
0,42052262
0,14583777
0,73344248
0,52431444
0,34180367
0,65388545
0,52011306
0,61217152
0,50268261
0,31467507
0,54324676
0,17430150
0,48833774
0,74331056
0,68752114
0,44642124
0,80717411
0,81500303
1,51575543
0,21623403
0,86824815
0,87360168
0,63727783
1,78179428
0,83123078
0,85085162
1,16708534
0,58020877
0,85310643
0,65271851
1,68441758
0,42810655
0,22776037
0,55842502
0,87340832
0,66053462
0,76810734
0,84414555
0,68162024
0,34225450
0,20268136
1,77074152
0,80054388
0,82605650
0,48406342
0,74860632
0,87100522
0,7352488
0,47402707
0,8860770
0,84436250
0,74468743
0,81151507
0,82220141
0,84143071
0,57245760
1,62472249
0,18000212
0,82455625
0,87008463
0,26344346
0,84765506
0,86511447
0,86082743
0,78644120
1,72626270
1,65943402
0,84204530
0,75226267
0,82826452
0,81550407
0,81725725
0,84068056
0,76243437
0,83438873
0,37470838
0,80076122
0,44608281
0,56646170
1,73902939
0,75764420
1,71060644
0,51760048
0,72121564
0,87548738
1,42095853
1,72532440
0,74107111
0,74866751
0,61574655
0,78740026
0,55761231
0,78678014
1,54043899
0,5648307
0,86842434
0,25575304
0,80333484
0,58101718
1,16478810
1,8020601
0,84262024
0,87346164
0,87382735
0,86285344
0,44152546
0,84022734
0,85234555
0,68777851
0,33654165
0,56535302
0,75370268
0,85057117
0,82687853
0,76282572
0,81543358
1,71886779
0,82678562
0,80588032
0,82726055
0,82758408
0,81232061
0,30030837
0,75586014
0,75878800
0,77630785
0,78766367
0,80655830
0,77227676
0,86458134
0,77787831
0,84074321
0,62708772
0,75732231
0,61786833
0,81317801
0,78151181
0,40582332
0,58172032
0,85834434
0,87201611
0,84585268
0,85871702
0,60538733
0,84215633
0,75348886
0,83440027
0,81674812
1,78736773
0,81425504
0,77034337
0,87402667
0,77036374
0,52365852
1,64716995
0,84701165
0,85621314
0,46800455
0,33171200
0,52637236
0,86011835
0,26778058
0,47714135
0,83382708
1,75936643
0,43616048
0,36758343
0,8157211
0,84850820
0,76551648
0,83674777
0,81170330
1,76956994
1,62894052
0,80406152
1,72559346
1,24872655
0,86334535
0,32665833
1,78315148
0,56352577
0,83531262
0,81702301
0,82017834
0,84535850
0,87882418
0,80060028
0,11143354
0,31381312
1,63687639
1,47901435
1,40805365
1,63144814
0,78355324
0,60018404
0,77323504
0,81064323
1,82298087
0,87540624
0,28810686
0,20682237
0,85171410
0,56834132
0,80270876
1,66199295
1,76323796
0,86734838
0,15126244
1,43494295
0,76372364
1,72769991
0,27302862
0,24873706
0,403781
0,86148520
0,86055133
0,73430456
0,45208347
0,37182255
0,28464557
0,71250267
0,18444424
0,75485348
0,66484482
0,74125347
0,61412884
0,84046174
0,60786304
0,71344732
0,61102181
0,74705565
0,15585820
0,85884045
0,23223137
1,79118876
0,81432022
1,39903055
1,69362033
0,33080410
1,60237529
0,68203780
0,27720088
0,82550280
0,21325536
0,61023715
0,76505666
0,76882330
1,67753358
0,51837267
0,86886288
0,65523560
0,61677866
1,7183359
0,16640844
1,7547283
1,54420435
0,260410
0,17320243
0,66883028
1,66083069
0,63426184
1,61715511
1,44943859
0,34427721
1,62822223
1,55704101
0,67117856
1,71009361
0,20757622
0,28824285
0,73007286
1,66918099
1,68883290
1,62107243
0,65443241
1,66274929
0,54303061
0,66420055
0,66452750
0,54444780
0,48587834
0,66522840
0,47717863
1,7577774
1,12447418
0,43731487
0,25707663
0,6878164
0,25183462
0,37678017
1,56939830
0,58527530
0,33115430
0,86704677
0,68366504
1,62191320
0,70347634
0,82865808
0,82704143
0,84354235
0,74548608
1,82361247
0,42032176
0,42171828
0,25862867
0,87882725
1,56581583
1,57902281
0,87266575
1,61095531
1,66649678
0,6653441
0,45041763
0,55226833
0,81282048
1,63801818
1,73759817
0,82750674
1,63959345
0,52687515
0,76110242
0,61844283
0,82046817
0,81280147
0,70113271
0,60884744
0,62235273
0,66722028
1,63749275
0,76585615
0,81024621
0,85056688
0,61407868
1,62498879
0,76507733
0,78443225
0,84415118
0,78331454
0,75040531
0,86378881
1,61687912
1,77122373
0,75387157
1,75640007
0,53786000
0,63226768
1,78919165
1,72042063
0,77076622
0,82253887
0,81155328
0,6432683
0,84474283
1,73922322
0,77818323
0,61106466
0,81356283
0,77862501
0,85366826
0,76233655
0,50805221
0,86345600
1,68175401
0,62264581
0,67277544
0,75468358
0,67864108
1,28891250
0,84541788
0,66750740
0,80115830
1,64076193
1,62547474
1,62247766
1,78409786
0,31756830
1,61559730
1,76631705
0,40448388
1,19474109
0,35208781
0,12718002
0,20263410
1,58961738
0,34253174
0,72830572
0,53245634
1,7812386
1,7745292
0,31445158
0,50103828
0,13851140
0,21030877
1,68665725
1,54595052
0,38822651
0,18116036
0,17544708
0,23224634
0,45481241
0,64426840
0,86682432
0,5325224
1,54899337
0,5886521
0,63354245
0,34827652
0,23375400
0,32108223
0,10186440
1,47297931
0,28724830
0,60120381
0,5386815
0,5773013
0,53215415
0,67181777
0,37376443
0,58223000
0,5105515
0,52006163
0,7177317
0,36874383
0,5164243
0,12056163
0,52751017
1,9186091
0,6677547
1,73800202
0,8166265
0,17774416
0,43523687
1,35286797
0,46401003
0,16037247
0,47866254
0,26173530
0,23000354
0,6538554
1,7325446
0,7718551
0,6406458
0,62854383
0,47251016
1,69613243
1,74396875
0,7473540
0,38644771
0,35378226
0,74132065
1,67290969
0,68283376
1,40462217
0,7120044
0,11427252
1,11932948
1,41747963
0,12016156
1,7719128
0,14314385
0,42008504
0,6513011
0,15234886
1,9301277
1,74332476
0,73888000
1,22964558
1,67392573
1,11766422
0,25052771
0,13818577
1,26704751
0,48164883
0,22760228
0,44103810
0,70306535
0,48841307
0,56234085
0,17613170
1,62331815
0,21366262
1,36749203
0,66056518
0,57560455
0,66653650
1,49879408
0,10378731
0,53474287
1,7572681
0,35038577
0,55120562
0,50455363
0,36714275
0,45166680
0,8578738
0,42656712
0,27445445
0,23283551
1,22437119
1,62838886
0,61226516
0,42703128
0,53611000
1,57010298
0,44611714
0,26821263
0,80146043
0,83255744
0,85436105
0,65045538
0,65042005
0,30801617
0,10264552
0,50263026
0,34287741
0,10200341
0,67351613
0,17617476
0,14127540
0,40006073
0,24863015
1,17290024
0,60353668
1,40890794
0,68440034
0,64231472
0,7834353
0,6030778
0,8488428
0,48017707
0,6306156
0,18180478
0,14756841
0,7616426
0,66137308
0,10865673
0,33373367
1,58339653
0,35288254
0,53152548
0,18315638
0,6551707
0,11380238
0,18668415
0,632743
0,7286622
1,8531416
0,57874352
0,27747372
1,36517146
0,14850057
0,50080762
0,31571501
0,36254236
0,82356326
0,33566736
1,69590642
0,86341117
0,24750704
0,31116770
0,17820287
0,42650571
0,26368021
0,52872647
0,40600176
0,58416540
1,43629809
1,8042371
0,21821585
0,51846625
0,6873502
0,11871015
0,71118206
0,50558217
0,21756501
0,58123415
0,11433170
0,48104653
0,48618012
0,26725626
0,60786628
0,15581653
0,57082737
1,8525050
0,14563678
1,62685236
1,74428517
0,74324363
1,19808486
1,39300950
0,41041857
0,15820036
0,28276650
0,74633048
0,6626535
0,48408836
0,34788802
0,45526556
1,68606308
0,61406340
0,32104017
0,64682661
0,12104370
0,58871307
1,63943236
0,50172831
0,12668255
0,60314162
0,5257105
0,38856888
0,35641871
0,10407763
0,52381364
0,22740051
1,63670408
0,81124142
0,68414142
1,65276356
0,51518121
0,57472570
1,52096480
1,75202479
0,38785222
0,25280213
0,44716750
0,22530165
1,63893347
1,60142230
0,55452113
1,73182676
0,25450603
1,41989617
0,13572855
0,51886408
1,68664687
0,75540322
0,27564478
0,32354262
0,32778072
0,34640261
1,68066943
0,74704746
1,61443120
0,62776000
1,77781119
0,83272012
1,66563190
0,32481882
0,52173415
0,28106668
0,77880327
0,11175446
0,21812207
0,12403477
0,24118527
0,85524228
0,68621880
1,76110300
0,84710063
0,83484336
0,82580774
0,83748435
0,71771162
0,24530757
0,56638866
0,18067201
0,64586641
0,85868643
0,86187742
1,42986307
1,67844223
1,48603225
1,69705877
1,24820782
1,60734734
0,87608242
0,77654271
0,27741825
0,27024846
0,87785338
0,10804404
1,74417602
1,62671673
1,37496203
0,6317168
0,10346511
1,8518566
1,51985527
0,56652300
0,87067046
1,29171702
0,75480368
0,87838603
0,51512625
0,12176231
0,23530783
0,58455767
1,65097422
0,37160537
1,61350995
0,85332221
0,35280210
0,35171834
0,28825074
0,60368262
0,71052018
0,70848315
0,70267155
0,71672321
1,46830460
1,72364235
0,87276461
0,13628812
0,87085887
0,68471053
0,16684521
0,40230401
0,80416502
0,62214343
0,32533312
0,85887784
1,77670839
0,84422862
0,40148210
0,34541453
1,8361766
0,82706565
0,80177364
0,82431563
0,82421468
0,80387748
0,55120401
1,39944421
0,77332887
0,74311488
1,24435342
1,57976512
1,39832345
1,27138498
0,42821360
1,11704276
0,12472722
0,53023768
0,51331300
0,27608744
0,23463532
0,44748232
0,11037841
0,72654737
0,67801174
0,44273811
0,53245868
0,42167506
0,11286162
0,60420752
0,46503717
0,42342323
0,55562165
0,8058158
0,15127756
0,43662036
0,66318684
0,57465500
0,30084735
0,8333735
0,55145505
0,56578614
0,46081184
0,42334587
0,27118850
0,6224513
0,61763482
0,56253737
0,71357812
0,44846876
0,43153633
0,74621861
0,10530162
0,57657751
0,33128322
0,6646512
0,62136055
0,20162671
0,11536163
0,30480256
0,32488712
0,70200137
0,50625511
0,54366226
0,17447734
0,28834672
0,25617705
0,56812703
0,67635781
0,12545732
0,41013144
0,27502543
0,33435436
0,24531741
0,106511
0,33636615
0,71357
0,6086130
0,53052630
0,13402315
0,17740174
0,57313441
0,22613435
0,48140180
0,22763024
0,23208137
0,43814812
0,65116217
0,33751660
0,55082528
0,31618216
0,50307575
0,52462732
0,44528216
0,63743586
0,51127585
0,52880483
0,43172253
0,48142464
0,63828817
0,51431647
0,53312213
0,34623032
0,62354411
0,62548860
0,36278437
0,46503723
0,48221745
0,38040352
0,43456374
0,31575158
0,20662321
0,41621160
0,54337167
0,28484064
0,27820818
0,25606785
0,7764177
0,22680588
0,46601360
0,35007672
1,8707849
0,58381461
0,68811412
0,7443484
0,48367627
0,15814786
0,42755107
1,65066802
0,84726516
0,10615336
0,12422470
0,70738153
0,72363632
0,64351455
0,18307376
0,8478600
0,72171842
0,62513
0,33033501
0,22222282
0,15062364
0,48273224
0,16808005
1,6703025
0,33250827
0,60625460
0,36756750
0,25124422
0,71414623
0,31805387
0,31343773
0,40214774
0,51651884
0,5578850
0,53648846
0,57508778
0,47033048
0,28488655
0,142611
0,18132444
0,35528883
0,12040582
0,55817007
0,42302788
0,23388172
0,34101045
0,15653172
0,35162542
0,71485263
0,20072083
0,15551046
0,65448665
0,18077053
0,24754375
0,13043700
0,38888022
0,37465243
0,32027561
0,13310587
0,40627722
0,6518847
0,83001646
0,37035347
0,54515686
1,7572536
0,26560833
0,28123846
0,30256808
0,33626874
0,87027467
0,45644448
0,18778271
0,67870838
0,11228253
0,8044871
0,45614888
0,40170126
0,54420415
0,81525616
0,26282554
0,71730841
0,34104511
0,41486718
0,35706558
0,86482425
0,14505534
0,57275356
0,46411747
0,34513468
0,31535884
0,52087863
0,64337667
0,56055216
0,72018381
0,27856861
0,50828716
0,31565580
0,54413036
0,47256474
0,60140132
0,34364550
0,65770138
0,40544545
0,54712002
0,44205853
0,48410533
0,65330206
1,48025664
0,16637551
0,62337067
0,37812380
0,43872642
1,56328496
0,26551855
0,60021457
0,66762757
0,65322423
0,5752646
0,30113664
0,33554238
0,22276300
0,17516352
0,67520045
0,70028256
0,40521888
0,38302828
0,36781722
0,17327430
0,41722445
0,41347084
0,10548886
0,27872000
0,33155308
0,36305107
0,68480717
0,13661600
0,58456775
0,87558452
0,53280788
0,52877068
0,42773377
0,36646181
0,28185450
1,58525899
0,84686468
0,72141282
0,53340355
0,66454261
0,64215771
1,60394024
0,61757012
0,80243687
0,71474400
0,10640583
0,82375316
0,43180081
0,78227523
0,72260111
0,67652016
0,74733716
0,42252464
1,9673869
0,38444157
0,21626761
0,63831615
0,10400550
0,16405373
0,5422700
0,63766886
0,37068785
0,14178120
1,7354335
0,7275325
0,8267430
0,27420060
0,17501071
0,17615588
0,22003707
0,15650410
0,24266204
0,14854611
0,18551358
0,63814172
0,63367180
0,54784722
0,15082851
0,85368110
0,17566148
0,50740073
0,87703751
0,72532716
0,27703386
0,11830175
1,20800413
0,55348058
0,10174406
1,7401256
0,18741783
0,86304614
0,62034051
0,18418156
0,35051545
0,31021237
0,8370263
1,7535326
0,11676722
0,47537520
0,27434683
0,56725443
0,41215630
0,47072434
0,54224731
0,50030315
0,13355683
0,82317864
1,27734249
0,33122025
0,36017305
0,43537345
0,60818228
0,22065066
0,35482737
0,78563378
0,33543875
0,14274404
0,42011237
0,17364328
0,37854750
0,83577582
0,61128323
0,17653085
0,56506726
0,72576763
0,61362018
0,18512274
0,80110810
0,54774072
1,69050839
0,27267670
0,64546564
0,35532277
0,56625253
0,42161072
0,11505558
0,58540562
0,66835023
0,60447226
0,43660884
0,30687326
0,51072071
0,42422123
0,72473127
0,35108427
0,13463471
0,54364531
0,78716478
0,37438384
1,22418113
0,32561261
0,43182085
0,68183068
0,33267605
0,58244270
0,16666584
0,33838865
0,77632528
0,26070428
0,87156455
0,22853217
1,77859966
0,56128226
1,68087357
0,85332483
0,27852285
0,55644666
1,422175
1,10589058
0,36404450
1,57832169
0,36423667
0,15512864
0,6005488
0,11378550
0,11733383
0,6235442
1,60328192
0,53582587
0,43388163
0,24006002
0,60155262
0,43612655
0,54846812
0,52206410
0,60268645
0,74026852
0,48446631
0,61078765
0,38842555
0,22757187
0,60760876
0,82388655
0,81417005
0,83182186
0,17473822
0,30334427
0,30586513
0,73588067
0,74625281
0,73077105
0,60467153
0,25886882
0,28644522
0,78030545
0,51177123
0,25310177
0,37414568
0,61123708
0,61672548
0,57257467
0,40005687
0,8547364
0,35263701
1,57115056
0,35735032
1,59040903
1,67747064
1,20747816
1,72797237
0,16002752
1,21358090
1,74281831
0,73513361
0,37140477
0,30612567
0,58054032
0,42560011
0,17573465
0,27431442
0,6125416
0,52232261
0,27081038
0,15747603
0,15328370
0,40001884
0,51782675
0,34854564
0,25010132
0,11276512
0,47086222
0,25243060
0,44737233
0,41333601
0,37744256
0,54782625
0,22870815
0,72551437
0,63457356
0,58011740
0,68802426
0,45483844
0,38501423
0,24512285
0,85884440
0,65452474
0,21205357
0,31766133
0,15364835
0,34052782
0,68150663
0,53227035
0,32813226
0,55038118
0,12753625
0,54556508
0,76728636
0,27302655
0,87350620
0,57220675
0,67375165
0,43037602
0,74888560
1,80197284
0,86664032
0,61572302
0,85181080
0,8006030
0,85652557
0,32611637
0,10036473
0,53421058
0,51001723
0,52517445
0,85175780
0,50822360
0,13233475
0,34023864
0,81632061
0,56051011
0,83846858
0,53451077
0,30528340
0,15008600
0,6527458
0,85467887
1,63166038
0,72885111
0,81141006
0,85467025
0,75415850
0,38416028
0,44751657
0,72813425
1,43731338
0,81282041
0,14823132
0,67521476
0,18565886
0,73112032
0,78772054
0,38001622
0,85708410
0,63586183
0,60516530
0,62158258
0,75328276
1,71526940
0,75405123
0,80001175
0,86068185
0,85282406
0,77111787
0,82887868
0,86314806
0,86200522
0,66321312
0,62453585
0,85165433
0,86671634
0,54813343
0,82140738
0,66438435
0,83262516
0,64387707
0,81758556
0,80185624
0,66841702
0,84525312
0,81673427
0,83417515
1,61576244
0,32404655
0,48285447
0,67087821
0,53255722
0,62362140
1,66779132
1,64293718
0,76031635
0,51176125
0,58148678
0,50733874
0,77454451
1,76056537
0,76065734
0,77531158
0,84306575
0,86225253
0,62251371
1,64257469
1,71160449
1,63102529
0,71200000
1,34383759
1,63974500
1,39794867
1,57724784
1,74414946
1,65605610
1,72500588
1,76541170
0,81343386
1,80228624
0,54258622
1,80375427
0,37202501
0,33710855
0,83106150
0,83852378
1,64889476
0,37388868
0,70172301
0,54106822
0,35345232
0,30433425
0,38257001
0,23421742
0,25761825
0,43133214
0,30364308
0,15417233
0,11204658
0,53120208
1,72964986
0,32427748
0,13810422
0,13650442
0,26004580
0,62633070
0,46542325
0,27251113
1,64090978
0,24888035
1,75919064
0,68181011
0,75657557
0,47851468
1,67237566
0,80578341
0,77164278
0,73552355
0,23120050
0,24143348
0,55861548
0,81712036
0,80872224
0,75868081
0,83333041
0,76415663
0,18857782
1,77894028
0,87875450
1,41783322
0,33861470
0,37103633
0,58673835
1,11079153
0,87468214
1,67839482
0,62377504
1,69285554
0,41774857
0,11841504
0,48186432
1,80151448
0,87754357
0,78650038
0,10701742
0,85623367
0,84778885
0,33170725
1,66546957
0,66608637
0,83208344
0,43642245
0,36320688
0,6811872
0,6805056
0,86576686
0,81602387
1,41482865
0,83565550
0,81600701
1,74326314
0,76713803
0,84524556
0,87570571
0,87362180
0,85883521
0,86836207
0,85880362
0,5670025
0,87470112
0,65147360
0,7770312
0,86307072
0,32177071
1,80786310
0,85327550
0,87443754
1,41192234
0,84858464
0,42010220
1,63035475
0,67505526
0,55756820
0,61315056
0,73823448
0,86054804
0,75415561
0,74584511
1,7565159
0,12270323
0,82065717
0,50280801
0,31087751
0,84756482
0,60814537
0,74555665
0,66378141
0,13551146
0,44688041
1,61081173
0,53431542
0,20021675
0,41015276
0,60232557
0,54158245
0,24550003
0,68616680
0,66674440
0,44184760
0,64644416
0,23724465
0,86462012
0,36624767
0,70312281
0,74364257
0,30772388
1,65967283
1,49828801
0,72473567
0,72745475
0,17872751
0,68165303
0,86700483
0,28127217
0,40048058
0,38072085
0,18557016
0,84767688
0,8352426
0,85882171
0,83668051
0,77578155
0,87378083
0,82242873
1,81396563
0,81536156
1,63299370
0,73828843
0,85174566
0,81327802
0,30733504
0,14306804
0,68424222
0,48368617
1,74270344
0,77303276
0,84310800
0,78815837
0,87602538
0,74581065
0,31166887
0,81356733
0,36118520
0,35015684
0,84850236
1,41310961
0,20777555
0,34576414
0,50033276
0,73701305
0,67454632
0,73783323
0,65388215
0,35021086
0,53257166
0,18735411
0,58745715
0,11276213
0,54013038
0,43006764
0,6264670
0,40564746
0,52384432
0,50714788
0,18477076
0,58631520
0,13016412
0,27311747
0,61573288
0,51848445
0,84078880
0,73523604
0,31376
0,31843348
0,63214366
0,15245367
0,47876588
0,63026083
0,28484487
0,33708188
0,24832156
0,8445322
0,27362248
0,57178118
0,51633010
0,54884742
0,72088207
0,62741612
0,23663024
0,57380735
0,51777564
0,25850241
0,57434676
0,46375237
0,13124508
1,11481030
0,52431774
0,66612203
0,16484385
0,32637563
0,23608187
1,64274323
0,37521603
0,51576015
0,18813453
0,71466056
0,37040641
0,48580604
0,73144583
1,7675554
0,34718233
0,41641017
0,58358720
0,12704755
1,74597931
0,14141214
0,6401772
0,27834033
0,35324474
0,55172136
0,26238030
0,52112068
0,58154816
0,44115436
0,28027377
0,73164671
0,36626482
0,48561443
0,27266472
0,28262221
0,52320134
0,68138401
0,30451308
0,48712752
0,83576383
0,65713781
0,83688282
0,67070700
0,25044824
0,77083758
0,7650313
0,21228480
0,50073420
0,51825238
0,36641840
0,55277747
1,7783810
0,60427280
0,28120672
0,22643514
0,61523456
0,85777228
0,71207420
0,23317204
0,16044575
0,38782560
0,25578802
0,17004381
0,25232820
0,21343583
0,34727483
0,18865824
0,52144665
0,41425482
0,70448016
0,85411757
0,43462878
0,30788384
0,23555005
0,6358628
0,6367737
0,41141583
0,87434187
0,26347301
0,8578325
0,70838885
0,54587715
0,78871427
0,41287821
0,86443736
0,85541520
0,18407848
1,15778687
0,50707652
0,74484122
0,52311588
0,36564770
0,83457203
0,62100567
1,7789997
0,76243627
0,37232215
0,31135337
0,25167517
0,22755788
0,16254842
0,25041006
0,63545101
0,44187088
0,40655882
0,15354504
0,58625656
0,46461318
0,18853044
0,71640323
0,41088017
0,42360126
0,83628205
0,61344556
0,76878557
0,57684388
0,34552052
1,66877850
0,67537412
0,43640675
0,42481030
0,71868121
0,27680525
0,16438813
0,72088613
0,30636180
0,67152545
0,63845683
0,23434361
1,20709477
0,53820870
0,67516151
0,67842833
0,28728051
0,14275786
0,63617623
0,35512337
0,25247775
0,22655368
0,44437751
1,38464861
0,43688776
0,36425172
0,63776805
0,66172238
0,45021482
0,70027305
0,72828467
0,16863715
0,42465215
0,23744662
0,44768402
0,60884265
0,35035821
0,21110376
0,44372513
0,30373724
0,24476843
1,33487193
1,27714729
0,26260801
0,20464360
0,27862581
0,81841017
0,46848234
0,14426260
0,31376837
0,67285034
0,26472348
0,22874636
0,12570643
0,48525108
0,24413060
0,77707368
0,85611600
0,76146887
0,82446130
0,76501083
0,80142332
0,86725633
0,81631304
0,32311238
0,82066604
0,6308253
1,61592701
0,18170466
0,85770387
0,82873788
0,42311112
0,56261870
0,77810361
0,78110048
0,16206202
0,86826137
0,43165541
0,83781747
0,70043087
0,87530712
0,73206464
0,71470052
1,81027615
0,84310262
0,77876468
0,87318614
0,83167208
0,86751828
0,15877267
0,50433722
0,83261362
0,74883360
0,51661613
0,38347263
1,63841512
0,30353477
0,16531281
0,35527757
0,37040567
0,18306288
0,72850114
0,87831747
0,82180108
0,83101671
0,85738507
0,81413840
0,37222108
0,86281875
0,40683478
0,81040560
0,13410852
0,87476468
0,12647452
0,38422230
1,8409042
0,41215257
0,51324246
1,7665024
0,36441304
1,70022522
1,7664887
0,14173764
0,37547203
0,21327510
0,55088502
0,83477835
0,73145725
0,47522163
0,86844376
0,11105323
0,48371005
0,10615057
0,23074380
0,63454883
0,63334572
0,73781563
0,7354505
0,7220036
1,69946908
0,56182867
1,40084349
0,50004567
1,9093446
1,57279563
0,81882351
0,85635152
0,62665313
0,63746316
0,72447537
0,85118000
0,81557717
0,26628571
1,53962412
0,30260447
0,43843724
0,17522425
0,42620360
0,40816713
0,70505253
0,48638781
0,47260830
0,58172285
0,22034626
0,5026742
1,10812754
0,74057727
0,60803846
0,53864044
0,48132776
0,52578310
0,12440715
1,22324040
1,7739461
0,17655017
0,37570432
0,44626502
1,8258280
0,82118513
0,74747153
0,14012472
0,13641210
0,43410317
0,87788818
0,46678767
0,45800844
0,21244631
0,17083368
0,30184577
0,45365072
0,48510613
0,31745805
0,16154446
0,45171435
0,28663262
0,52261603
0,72015405
0,30851785
0,20527188
0,31313105
0,14462632
0,54540115
0,64211072
1,7817402
0,77807537
0,83246835
0,26763141
0,12433485
0,30678863
0,41688461
0,51145150
0,51852308
1,6982097
0,35084452
0,20772880
0,54485480
0,68034357
0,22042084
0,63335068
0,76777803
0,25116202
0,78334514
0,85671118
0,55723820
0,63847020
0,7571524
0,13516148
0,86328744
0,70263468
0,40547246
0,28065340
0,64508311
0,28485346
0,24203678
0,47607671
0,7573431
0,47848501
0,67582582
0,25157655
0,85782800
0,63683464
0,7128747
0,80308455
0,15182547
0,42860330
0,22274856
0,63525525
0,8067161
0,42406070
0,74466727
0,85515767
0,74882324
0,78208374
0,8182052
1,75383675
0,87242073
0,81204446
0,31100435
1,74561919
0,83320867
0,35631814
0,71674868
0,66620378
1,64704829
0,63623321
0,77321531
0,83258754
1,82246545
0,83113883
0,83570266
0,84273450
0,67355746
0,51246515
1,80318633
0,87025888
1,65940711
1,59504718
0,50203246
0,7864563
0,48384127
0,58337322
0,23633762
0,18273630
0,73773526
0,62686863
0,8155730
0,222650
0,8348742
0,72070223
0,64222716
0,86731627
0,84571253
0,33701014
0,8238711
0,78634558
0,61760765
0,57087726
0,6188562
0,57555353
0,75017681
0,11661704
0,86515554
0,30063833
0,62121825
0,28888314
0,77621466
0,86682486
0,14700630
0,6117461
0,25082411
1,64368040
0,80434414
0,22624406
0,44162278
0,32681643
0,15588502
0,36035575
0,21885041
0,51804024
1,64488205
0,86477033
0,32563562
0,7034056
0,84330253
0,64848031
0,62613784
0,81158146
0,15133058
0,26622220
0,68273547
0,8521374
0,44275663
0,26204441
0,58038553
0,56526104
1,63639120
0,58655450
0,18143654
0,30353085
0,70567573
0,78417233
0,78510627
0,74064834
0,10526065
0,71418763
0,78875413
0,60631186
0,84550721
0,80470151
0,73477456
0,33721226
0,61835314
0,83405556
0,17417721
0,37821773
0,33870424
0,87634630
0,58610406
0,87777774
0,84571602
0,15616330
0,85628631
0,68160373
0,48647615
0,48835082
0,76511206
0,53238346
0,76301373
0,86520668
0,47716680
0,45771876
0,35666538
0,10286888
0,13865473
0,10572636
0,44442782
0,32868458
0,54782514
0,6380570
0,34441821
0,41442556
0,73017001
0,37361524
0,14046466
0,24851350
0,41806661
0,23540281
0,56766087
0,61778346
0,48243701
0,38656564
0,71226316
0,12876380
0,64751840
0,34226154
0,61501430
0,43668434
0,60355020
0,26412010
0,30543335
0,26031681
0,15682412
0,65501183
0,33843317
0,55600368
0,64340253
0,8802304
0,7173388
0,52802280
0,77065050
0,83428434
1,6153679
1,61173011
0,31028606
0,71635332
0,54848561
0,6286108
0,81087054
0,11285150
0,6727662
0,52721728
0,53374314
0,28872042
0,31013613
0,24821605
0,67036567
1,7564421
0,87721340
0,17515317
0,77152222
0,52006210
0,76611580
0,12864354
0,68212682
0,8820161
0,18503444
0,20837851
0,65267668
0,31572183
0,30272261
0,62058848
0,32108608
0,81175112
1,22917472
0,76045652
0,20384651
0,41562874
0,61631560
0,36222551
0,27038058
0,32021023
0,42133628
0,43834506
0,38561027
1,55798544
0,62378781
0,87735653
0,81054314
0,84860223
0,84083665
0,71487242
0,60288264
1,66081344
0,66125026
0,85676237
0,81225542
0,45258111
0,83847107
0,45548788
0,64801205
0,6474734
0,30388528
0,61814306
1,61537819
0,86464543
0,66113057
0,60458036
1,63648612
0,16222808
0,23186377
0,83716138
0,23453620
0,18865015
0,5241026
0,26464426
0,7365844
1,41014746
0,34531135
0,54008027
0,60305684
1,75402679
0,38506425
1,60950997
0,33742830
0,56535188
0,61132236
0,76220837
0,27537200
0,20618517
0,28214678
0,55501487
0,54123866
1,62759318
0,76264587
0,23777348
0,70503382
0,16682288
0,7212850
0,62840715
0,78713148
0,84646003
0,81035162
0,75464450
0,77471087
0,86581682
0,75216555
0,40620114
0,17770883
0,18641006
0,44460032
0,63420788
0,11378758
0,52056631
0,61421852
0,22055508
0,37125532
0,68354173
0,44406818
0,35485268
0,72382518
0,58325650
0,32412126
0,22164532
0,54867523
0,54558236
0,40778470
0,56684077
0,68611087
0,58626834
0,54882140
0,48507806
0,66562202
0,30035542
0,38863616
0,81777561
0,77873178
0,40173041
0,65330832
0,40571875
0,7652806
0,62477136
0,83776264
0,6324057
0,30358766
1,62282602
0,17640618
0,7338732
0,53176654
0,56573560
0,27165754
1,59065482
0,72802221
0,7524261
0,7256303
0,64668562
0,57318783
0,86640338
0,13073160
0,44122771
0,21770378
0,37112011
0,56543064
0,46332845
0,42822048
0,6756832
0,87408855
0,51417470
0,5100883
0,78505881
0,45351044
0,53872284
1,7831158
0,50856180
0,16770325
0,34764284
0,13127668
0,13037614
0,43778285
0,8712310
0,80003747
0,51745822
0,27422105
0,84438021
0,14756628
0,13478687
0,57882833
0,22371177
0,32144582
0,45713130
0,14507381
0,56757344
0,44464787
0,40110467
0,18073650
0,28456326
0,61630422
0,23625860
0,50255381
0,81281320
0,55801557
0,80020445
0,26682016
0,40338307
0,55477067
0,85437337
0,84080080
0,86805634
0,27508005
0,71182057
0,44226622
0,25720435
0,31328147
1,29779415
0,80255314
0,34531664
0,28587232
0,68057518
0,23546182
0,81103710
0,48802378
0,46036685
0,33081054
0,21525880
1,43266081
0,18102132
0,23723332
0,31318770
0,10137587
0,50536335
1,31895336
0,31311482
0,57243120
0,57201103
0,36081875
0,84608778
0,40686004
0,63717227
1,70225602
0,73832207
0,31032641
0,61632616
0,65888535
0,25267142
0,54011133
0,60456022
0,20881073
0,83118541
0,54563647
0,36788748
0,35671461
0,55688463
0,10760427
0,65716546
0,37135248
0,33324260
0,61320100
0,14251773
0,55887852
0,42133512
0,57058605
0,45816311
0,18641244
0,25280613
0,72672516
0,25856004
0,28568324
0,50001344
0,67425035
0,10765443
0,61233815
0,40377676
0,28513537
0,33871803
0,64253344
0,16324726
0,28024525
0,63285126
0,46222606
0,51851780
0,34644575
0,74214184
0,60385563
0,62808264
0,63017317
0,72144780
0,24457766
0,24515883
0,51160121
0,54861405
0,78564607
0,84442133
1,61320289
0,50085632
1,62105404
0,84572858
0,63080560
0,58656676
0,78082345
0,83165418
0,86077334
0,42132011
0,83427535
0,87022366
0,11313834
0,15520782
0,51852578
0,26711007
0,30755777
0,73603467
0,33161273
0,47487744
0,41044544
0,52401842
0,30417588
0,80642200
0,55376281
0,22175151
0,73785208
0,61040483
0,20873060
0,54566241
1,64749491
0,63640646
0,15172853
0,85142725
0,28623485
0,48280442
0,32855481
0,21733275
0,26157561
0,56281058
0,84057336
0,10007856
0,52772740
0,50027454
1,70690887
0,67440720
0,36507685
0,12478755
0,58185205
0,6802517
0,21887666
0,54470118
0,20717525
0,46283088
0,42320724
0,46383660
0,65385026
0,74544380
1,11742618
0,27350745
0,47673521
0,63016610
0,80148133
0,44836671
0,38142421
0,74176557
0,71364083
0,10221524
0,67322168
0,81088032
0,32403122
0,38448773
0,58681180
0,61817655
0,74817618
0,68004337
0,71084648
0,26752865
0,70772572
1,38329725
0,37374606
0,70723684
0,15615218
0,11181375
0,44154743
0,18465162
0,37577623
0,44536871
0,56502130
0,51238835
0,32722108
0,33313548
0,32638743
0,41380714
0,13863436
0,12505157
0,45454767
0,58847367
0,12204424
0,85006683
0,56460462
0,77874684
0,70621615
0,80472276
0,50870130
1,64316252
0,64757216
0,45656162
0,36601566
0,46288503
0,11510144
0,37044074
0,14637616
1,53541025
0,37560778
0,43417085
0,32686217
0,17407260
0,24554875
0,42636378
0,77434280
0,30807146
0,21768334
0,68560081
0,82045435
1,77637488
0,26732307
1,66345553
1,66107923
0,8582534
0,73507216
0,84333566
1,61809090
0,65602385
1,20557223
0,80123742
0,18880762
1,66755100
1,70706502
0,71775723
1,59407905
0,56104882
0,60523143
0,58610112
0,80055532
0,51758000
0,34006664
0,12587234
0,83118702
0,51536335
1,60357387
0,60254137
1,63742852
0,65364344
0,72635528
0,14853453
0,72283173
0,66534847
0,63363367
0,55170032
0,54468318
0,63112237
0,57316288
0,50486676
1,66660769
0,37581538
0,45885411
0,72000347
0,54763678
0,37636204
0,58161000
0,40314871
0,45672333
0,40548473
0,46077666
0,50173355
0,28744008
0,50516763
0,40814470
0,25450158
0,21744682
0,26247777
0,35524833
0,21631300
0,43107621
0,30077777
0,60635707
0,54315110
0,86717487
0,75781378
0,50105080
0,66801800
0,35373277
1,60289140
0,52615780
0,85668882
1,75708133
0,35664718
0,64542044
0,53743188
0,25838077
0,81455270
0,83203414
0,85880104
0,65578144
1,75867753
0,86767037
0,7731333
0,84585652
0,77130527
0,67278107
0,81412054
0,87130422
0,30757360
0,28647085
0,84805236
0,86705250
0,81285552
0,78804751
0,77123670
0,75748423
0,75136466
0,75675705
0,83788434
0,71075822
0,78026621
0,84232283
0,54002775
0,80045458
0,38110775
0,87056212
0,82218022
0,83050885
0,78010088
0,56462652
0,25125735
0,57250036
0,84882455
0,21466441
0,75630323
0,24074662
0,78324728
0,13460565
0,80840758
0,27603035
1,66371370
0,14750174
0,61232074
0,25042071
0,67310363
1,61290004
0,77555472
0,73101058
0,86000138
0,86205161
0,83046418
0,50614202
0,76038644
1,43602589
0,10733177
1,68105290
0,83223045
0,58235333
0,73810401
0,77420331
0,61130448
0,86022840
0,65227535
0,82823574
0,87738684
0,67272543
0,83875141
0,82537317
0,87834454
0,86762403
0,84731542
1,72223458
0,56126562
0,86545778
0,80057315
0,7573103
0,14627876
0,84088407
0,80335711
0,41232057
0,74477763
0,43233360
0,83372250
0,83466425
0,66011056
0,50562650
0,46232648
0,31885168
0,60085737
0,74781117
0,21601451
0,42106526
0,87332560
0,82755054
0,57202583
0,72751510
0,53754281
0,61661458
0,54121887
0,82847746
1,72597238
1,86938072
0,84533860
0,80886373
0,62342886
0,44763161
0,26702461
0,54235853
0,85152241
0,57087345
1,59447278
0,85300434
0,41523456
0,77403024
0,86767126
0,83637531
0,84166757
0,82710466
0,71223758
0,83208112
0,64260751
0,83885117
0,76781887
1,78056585
0,33754716
1,61672534
0,75483135
0,81630872
0,85128167
1,68215635
0,77027212
0,85708852
0,85265061
0,78784632
0,85103273
0,84164542
0,80414382
0,76820874
0,75477575
0,71280373
0,62401307
0,82581328
0,54066535
0,7724518
0,12685386
0,63578704
0,30420401
0,30438038
0,11231638
0,63582104
0,60683885
0,68451550
0,46840686
0,12341321
0,18840524
0,57151861
0,22546484
0,75307503
0,34303453
0,60767400
0,80260516
0,83808426
0,84622045
0,87424601
0,75185720
0,86643073
0,81843442
0,76215470
0,82538078
0,84071070
0,73274373
0,77780560
0,75605177
0,82205213
0,81834231
0,67134301
0,41107508
0,36668674
0,78445136
0,84862103
0,76268068
0,86805126
0,82025202
0,80514147
0,86766506
0,87221826
0,81781468
0,78103303
0,75208405
0,82116435
0,85312644
0,83377033
0,85510665
0,75278844
0,80274404
0,77682575
0,83157646
0,76056067
0,86181825
0,46044526
0,63850513
0,84071812
0,74514701
0,83500231
1,71204645
1,62035074
0,80324048
0,83612158
0,74388646
0,72506611
0,70474077
0,81231387
0,78668145
0,75072884
0,87066218
0,84146518
0,76882152
0,81652816
0,65230302
0,70665382
0,78725444
1,73597313
0,80486610
0,74027657
0,83543545
0,71152110
0,76180485
0,81202428
0,85600027
0,75310802
0,61001067
0,77701013
1,65944883
0,82168642
0,83782056
0,77225248
0,84161508
0,81162652
0,76503056
0,75061746
0,82462756
0,80826076
0,80606278
0,83620656
0,84618613
0,76514486
0,77588511
0,8454483
0,84116611
0,42880264
0,26741154
0,16557454
0,32141421
0,33706327
0,86530211
0,17804713
0,86801877
0,34213362
0,37684866
0,85777031
0,85570551
0,86634434
0,85521088
0,87164050
0,36102603
0,85818270
0,42767853
0,13130711
0,11122786
0,13548323
0,7577408
0,54333855
0,27370750
0,28721101
0,18721788
0,67823788
0,41781654
0,35563082
0,56117271
0,46072127
0,56437876
0,35530643
0,25875876
0,36311456
0,23030084
0,32167570
1,61018175
0,41333384
0,20881467
0,10383778
0,41243572
0,7506171
0,30764407
0,15003468
0,68033645
0,73838856
0,15563301
0,74477433
0,18322334
0,12270873
0,81721007
0,82326251
0,47418457
0,12055713
0,42172861
0,61451385
0,61677704
0,8775065
0,45522805
0,11378602
0,28377880
0,53474542
0,68677131
0,58364615
0,60310743
0,40027715
0,72572407
0,73835824
0,85523008
0,81543805
0,67252525
0,80604432
0,80351711
0,81218707
0,41088266
0,80383625
1,54229208
0,76666053
1,76171844
0,26550405
0,56144033
0,87450288
0,82321604
0,46148163
0,81140205
0,37421362
0,43053513
0,28416337
0,57724118
0,84203381
0,86420123
0,75256421
0,84828308
0,78515568
0,74311763
0,84038778
0,84578340
0,41511561
0,85281255
0,83880110
0,55561764
1,62556281
0,85033850
0,82636323
0,82083468
0,86254472
0,82331730
0,61140438
0,73074524
0,67438573
0,35736607
0,7247352
0,76263534
0,18214705
0,16162076
1,30088903
0,38568551
0,58023616
0,30131304
1,65867119
0,25860541
0,40080888
0,81071447
0,73835183
0,24713247
0,24257386
1,67958267
0,72348144
0,52646756
0,47644540
0,71333475
0,63567102
0,10404668
0,30628301
0,40688034
0,84265001
0,40276548
0,32056601
0,71430084
0,46477560
0,62643483
1,41787742
0,32342722
0,22005847
0,74302631
0,40431051
0,70527444
0,80327131
0,84206843
0,13160584
0,10015408
0,25454333
0,66474308
0,73231516
1,74066452
0,83744280
0,80857765
0,51632041
0,85254086
1,61813515
0,71006826
0,63766325
0,37086371
0,40675216
0,43543270
0,80671404
0,47241718
0,8600774
0,18220075
0,42583418
0,21546830
0,63178213
0,61361333
0,58758341
0,34304541
0,85652376
1,66381113
0,58642833
0,5047431
0,48715358
0,64465184
0,65332748
0,36622450
0,32424525
0,51577662
0,72838620
0,38485453
0,26337862
0,12428243
0,12807781
0,58018364
0,21247322
0,23418104
0,16510145
0,34465325
0,78140747
0,25414544
0,83176658
0,40370768
0,43123671
0,84181331
0,64600600
0,87262412
1,11344069
0,73552671
0,34518541
0,68178727
0,57384158
0,83563474
0,34833755
0,57460061
1,71949436
0,81454117
0,81032456
0,77553534
0,84265818
0,65601442
0,44461053
0,84350782
0,82442881
0,74286271
0,80480753
0,85587004
0,24873626
0,80557786
0,86752400
0,77683724
0,66207451
0,87486608
0,78510707
0,87223821
0,78866502
0,85021215
0,87828445
0,68425252
0,78464823
0,84005216
0,85684620
0,83388351
0,82380774
0,87315247
0,78210317
0,22848122
0,28671146
0,57600417
0,54073202
0,75010584
0,70510115
0,85888650
0,38276603
0,82188310
0,62755622
0,85746334
0,83163414
0,82256217
0,86323361
0,87243125
0,40800324
0,13544125
0,81070565
0,8753345
0,77041042
0,83650115
0,12517717
0,28328414
0,36214810
0,23130215
0,66517786
0,84042518
0,86605136
0,57457650
0,25456222
0,6778628
0,87554628
0,82143814
0,40703450
0,27258468
0,83704886
0,57857646
0,52452205
0,54134805
0,56632751
0,41846352
0,87536614
0,48821864
0,5823481
0,50520504
0,25660810
0,75427453
0,67431686
0,22032180
0,12800422
0,60888013
0,23108186
0,58638120
0,75030578
0,84387752
0,22422572
0,58514464
0,70472762
0,32122438
0,56147848
0,30683305
0,43301708
0,16512642
0,41414608
0,7014008
0,74555565
0,56883570
0,20750641
0,6147115
0,62381770
0,26656440
0,18657843
0,54025706
0,30410231
0,20406085
0,17110144
0,68455746
0,52021617
0,224275
0,33323337
0,45352475
0,5288703
0,23868531
0,16031243
0,13585644
0,41550804
0,18226203
0,46670838
0,45264101
0,81082475
0,27642363
0,34246481
0,62777151
0,38538344
0,15160886
0,23806124
0,83246486
0,27637162
0,20682332
0,23521640
0,30630787
0,24331340
0,47224754
0,26212186
0,17375072
0,10826843
0,51082057
0,82480780
0,84235000
0,6835057
0,28120686
0,41670552
0,17216408
0,55050412
0,28267675
0,54318855
0,31526676
0,30512770
0,12046674
0,17660485
0,56343537
0,58365546
0,31415172
0,68445403
0,38466081
0,71455462
0,46572433
1,73313654
0,40824284
0,22361676
0,56760751
0,10182083
0,26878383
0,43244257
0,48235534
0,23444813
0,22476818
0,46588085
0,46227681
0,60225361
0,7373448
0,45100628
0,54026800
0,16761080
0,35484272
0,60555788
0,61610235
0,51000888
0,54318877
0,68415344
0,58720622
0,70627633
0,47414840
0,24377278
0,80486862
0,85218220
0,72866674
0,44231680
1,67433125
0,87385881
0,87126556
0,72872046
0,83676118
0,24658400
0,52228341
0,85387501
0,76816583
0,82278610
0,6868583
0,70460503
0,36112200
0,7548544
0,330730
0,62138434
0,35857506
0,45258744
0,16477065
0,12371512
0,54243282
0,10276556
0,16883210
0,71837721
0,18223680
0,28576546
0,24418882
1,70656078
0,37732071
0,43652641
1,26155018
0,18483885
0,61333024
0,68310383
0,15254878
0,10534846
0,13445565
0,12166672
0,40553810
0,13887562
0,87877343
0,87517866
0,16227648
0,61078601
0,31602183
0,26080324
0,31423728
0,44113151
1,12992857
0,10066707
0,33351418
0,42230242
0,47876278
0,41854262
0,28111688
0,51658863
0,48865322
0,30378806
0,86640018
0,34130120
0,26671117
0,43443322
0,37777624
0,53588202
0,10314634
0,46338065
0,28280152
0,51674642
0,44171335
0,54455314
1,67527677
0,25075030
0,66550234
0,31628303
0,57526270
0,64812672
0,68113853
0,77755748
0,73744156
0,83333134
0,38082605
0,21643333
0,33671706
0,24876725
0,37237050
0,287282
0,53157867
0,24570505
0,16453661
0,10168683
0,67614813
0,50017527
0,60868347
0,54114880
0,72444810
0,42254813
0,60854708
0,23440571
0,13287131
0,53384072
0,36554480
0,24613172
0,64701807
0,38306232
0,27853576
0,20620675
0,51703436
0,60025270
0,55082245
0,54027720
0,57546543
0,25617668
0,62261412
0,47113703
0,44375651
0,57520337
0,63632634
0,8708426
0,42872141
0,37827806
0,27817314
0,12658820
0,5800736
0,7336414
0,55207683
0,16753258
0,34184416
0,45630157
0,25641300
0,13732024
0,47272738
0,60265518
0,27770450
0,23326188
0,56770851
0,47525513
0,28223448
0,37573755
0,46163710
0,13564874
0,22104527
0,37653725
0,14260854
0,6381784
0,53486132
0,41380438
0,35161056
0,541818
0,14832721
0,38143205
0,8810208
0,8404164
0,10416355
0,38760450
0,28613460
0,44162240
0,41058320
0,51815230
0,11847574
0,5606840
0,51868177
0,21734856
0,33728124
0,38680601
0,24335712
0,5873510
0,11603543
0,22142717
0,45735743
0,28640571
0,44083602
0,28682531
0,70626888
0,74205
0,36462845
0,33704564
0,16103525
0,52120527
0,15200676
0,11541063
0,26241764
0,35184737
0,20404876
0,71432167
0,52878616
0,57030242
0,12638704
0,12378845
1,7640953
0,25163408
0,53780414
0,7636375
0,45524126
0,37853773
0,58557663
0,51827851
0,11273683
0,63876230
0,45283084
0,50386770
0,36662570
0,15840567
0,20448352
0,43807701
0,51330574
0,41304053
0,42625331
0,27417204
0,43141685
0,14050100
0,33671162
0,44156273
0,50071217
0,46483402
0,41082845
0,54136188
0,5512768
0,8215772
0,51637221
0,20575227
0,43083467
0,34873026
0,34745680
0,24124708
0,21847410
0,72875454
0,25552108
0,14154420
0,57520762
0,71343810
0,55487463
0,54501334
0,36651243
0,37816573
0,32187223
0,11705008
0,26854723
0,31318874
0,12768254
0,50827626
0,10454320
0,51567567
0,14447475
0,50184526
0,73568132
0,30171517
0,23642355
0,26231300
0,25006028
0,50268573
0,35027424
0,11743564
0,8167370
0,5723622
0,22571550
0,21056524
0,26172571
0,10105265
0,66084876
0,37211130
0,17151704
0,44347831
0,17765346
0,30512467
0,35455782
0,36747702
0,43716033
0,10763664
0,44305607
0,50448457
0,44245056
0,52277761
0,27681641
0,63503426
0,35134537
0,60121080
0,56807616
0,64050263
0,33045287
0,35460206
0,40656203
0,58328665
0,22478636
0,28226527
0,61780030
0,52574671
0,51351832
0,22273375
0,53043822
0,28173187
0,45274255
0,55031330
0,425323
0,33658701
0,25577228
0,54337830
0,30101034
0,7205844
0,45111760
0,15051687
0,17310384
0,52883248
0,18172152
0,15221560
0,18202045
0,61341407
0,20122255
0,60652877
0,57581343
0,15021748
0,48687845
0,58665475
0,17613117
0,58155726
0,51438232
0,38704030
0,55230166
0,40620578
0,42675758
0,71164726
0,32140387
0,61436463
0,46638012
0,42755465
0,16014546
0,31564125
0,46600064
0,21080861
0,31242068
0,45587084
0,26323325
0,40563175
0,53626112
0,8570873
0,68150581
0,42275026
0,72505171
0,41857051
0,28741081
0,37053173
0,15016158
0,43451763
0,48056682
0,35814523
0,55237774
0,16484115
0,17684048
0,6042071
0,26244342
0,48503602
0,37380510
0,51212463
0,15142654
0,28578737
0,13064460
0,46724034
0,32067227
0,46511268
0,55444377
0,33130524
0,32881821
0,32533346
0,58748722
0,23538035
0,54052434
0,30615326
0,57454376
0,42412284
0,38418100
1,56552728
0,38417785
0,30780428
0,23125885
0,57166380
0,54468524
0,11007776
0,50403044
0,23485770
0,50138450
0,54727217
0,45555671
0,57520840
0,53722308
0,22088218
0,42677167
0,21050435
0,54311455
0,24154527
0,51551631
0,63408550
0,53265228
0,50345386
0,36753718
0,48082822
0,34546406
0,24725860
0,61185000
0,37667780
0,23614780
0,30515766
0,85265647
0,38667548
0,6131774
0,6104162
0,50808517
0,50217837
0,80578073
0,58101428
0,34540883
0,73750686
0,31535354
0,10882005
0,15225557
0,14371245
0,60070785
1,76049973
0,7205478
0,86370544
0,53641466
0,70680426
0,16305106
0,57630002
0,81068485
0,24826116
0,67542286
0,68083744
0,84172436
0,87662708
0,81140110
0,70014722
0,80543618
0,80268513
0,42827158
0,84657125
0,75844675
0,86170025
0,83470023
0,86433502
0,82105727
0,77608350
0,74571425
0,23113568
0,85205432
0,82061642
0,80162308
0,86184128
0,80582555
0,87138136
0,80268120
0,74465173
0,57504824
0,82666222
0,80073525
0,85675444
0,66066541
0,42668676
0,83576155
0,78878756
0,60850672
0,73781221
0,53167474
0,75001030
0,87364266
0,74675468
0,78064467
0,85637545
0,82471314
0,85788855
0,76568302
0,82413702
0,76334487
0,77365107
0,74172620
0,74224037
0,82085486
0,80007468
0,80465667
0,83745672
0,53468075
0,46602232
0,87732870
0,75855027
0,73781384
0,87851113
0,84764448
0,80014274
0,82367531
0,82170661
0,85125582
0,78851017
0,82661721
0,76238780
0,85818804
0,84480631
1,67452815
0,75854522
0,82148575
0,83057405
1,55561563
0,82083538
0,71747123
0,85666406
0,84455144
0,86488187
0,86330533
0,86381543
0,86486285
0,75002585
0,40860266
0,75607387
0,81330215
0,82624141
0,70655178
0,87881828
0,87037437
0,77800854
0,86470105
0,58123183
0,81626286
0,86343357
0,82653103
0,81045251
0,82310288
0,54622366
0,52717318
0,80304154
0,84664755
0,86171703
0,23788848
0,50315582
1,74392122
0,25348087
0,36822633
0,34858646
0,81613837
0,60541421
0,84774614
0,84235281
0,78265150
0,82456676
0,76710474
0,83547304
1,59672176
0,52468810
0,82266775
0,83360663
0,75833504
0,83425285
0,83141177
0,87443176
0,78147160
0,85403535
0,82571716
0,31568417
0,45714076
0,81075285
0,57161040
0,86080735
0,5368515
0,42781484
0,38224784
1,67703601
0,68206001
0,68840516
0,22478244
0,86577784
0,87833811
0,62402603
0,76637125
0,6017880
0,10446725
1,5071141
0,76232718
1,63222747
0,25365767
0,81827775
0,76080585
0,53565603
0,78523734
0,52863155
0,76843761
0,18727056
0,37134015
0,66804585
0,72861564
0,80285781
0,15373712
0,5816013
0,36487270
0,85315061
0,84335003
0,70366336
0,76410165
0,12422054
0,46465423
0,67004101
0,87225382
0,83288770
0,82786754
0,83740605
0,80414212
0,63812005
0,76224257
0,62657485
0,7271378
0,81256338
0,31338284
0,57407581
0,57002783
0,51228753
0,61233608
0,82750830
0,87180875
0,87865047
0,85674155
0,87307225
0,78708340
0,87342033
1,76530909
0,80447714
0,41778650
0,81138182
0,84403856
1,79471875
0,83868834
0,71185127
0,51668586
0,73772412
0,76242474
0,87547712
0,65141763
0,81536481
0,87860410
0,71874608
0,62756526
0,58304620
0,62571823
0,78211686
0,76651847
0,65427805
0,85680548
0,84133265
0,62387472
0,81627667
0,75408034
0,73043202
0,61556450
0,85510780
0,82702752
0,70512068
0,78103503
0,75008055
0,81543271
0,72540421
0,51066640
0,60478600
0,80453468
0,73512747
0,76376185
0,80820362
0,76216600
0,77278463
0,41377838
0,74656748
0,87215651
0,60801147
0,64565030
0,80068318
0,84781453
0,84025851
0,87877535
0,87447561
0,82345036
0,81214513
0,65726384
0,78022534
0,87582216
0,78158022
0,71731316
0,76133672
0,83862525
0,78433837
0,74167182
0,86757318
0,70821442
0,84413200
0,80225642
0,35287781
0,57380258
1,62313238
0,24785032
0,82013360
0,86315212
0,18315886
0,18011678
0,23706164
0,75150276
0,38221638
1,65676838
0,6350041
0,33365763
0,73088045
0,56368662
0,55558265
0,42384766
1,11580352
0,50233878
0,46602437
0,21184506
0,85680511
0,86541324
0,87824803
0,85802114
0,75806356
0,75760522
0,84250447
0,70570371
0,81144878
0,82844050
1,77755550
1,71684799
0,84688536
0,71387652
1,75770864
1,71238395
0,25863428
0,63270786
0,32558753
0,54174418
0,31522262
0,37063732
0,46478216
0,46128186
0,48765782
0,70122442
0,74445843
0,57311708
1,9085304
0,84712375
0,81558484
0,52310483
0,42756605
0,62444854
0,33003513
0,60337303
0,65634456
0,33526617
0,13303614
0,54477181
0,11053563
0,17877574
0,10512230
0,16833618
0,48351772
0,51302433
0,87531034
0,42407402
0,48405807
0,37470874
0,27156113
0,18043005
0,56708352
0,16214624
0,31208886
0,32460678
0,60111578
0,61737652
0,18431082
0,76152543
0,27041363
0,68028706
0,52101633
0,85868705
0,6280251
0,64222032
0,66805863
0,87430221
0,74700712
0,82574410
0,62530605
0,51658340
0,61244232
0,83170854
0,86448004
0,85627757
0,84433706
0,80530775
0,84872782
0,80854783
0,85760116
0,87764711
0,81113747
0,78827380
0,82506278
0,37317414
0,21738131
0,32683804
0,64583218
0,27442384
0,71445124
0,25375775
0,58470717
0,50403581
0,86860180
0,74625711
0,26632415
0,10013104
0,7041735
0,71284776
0,84087016
0,57811008
1,62331173
0,83210223
0,13085602
0,48857666
0,51510553
0,35728413
0,86610233
0,85524757
0,86887356
0,54528162
0,68370438
0,57860200
0,5675264
0,28072152
0,38717171
0,77877582
0,12342642
0,74434848
0,80131626
0,75565362
0,87351055
0,86133834
0,87302233
0,85766418
0,76441074
0,58421
