label,id
0,6308253
0,86682432
0,44505577
1,71220385
0,84078880
0,10186440
0,67020038
0,8325344
0,82536160
1,77586205
0,61407868
1,59560252
0,38711801
0,81225542
0,5105515
0,71674868
1,74505941
0,80018321
0,16640844
0,34253174
0,81175112
0,71344732
0,80308455
0,28027377
0,87378083
0,81543358
0,78110048
0,86515554
0,78875413
0,77810361
1,68029593
1,77871646
0,67181777
0,76585615
0,80642200
0,78331454
0,65271851
0,81500303
0,81024621
1,28406244
0,53152548
0,83620527
1,22229401
0,75485348
0,71487242
1,8439684
0,85668882
1,69923906
0,31311482
0,5257105
0,76507733
1,61036150
0,80655830
0,81204446
0,78082345
1,7761058
0,85056688
0,12104370
1,8302665
1,74884044
0,68624565
0,83101671
0,74817618
0,10615057
0,68414142
0,62378781
1,79942073
1,64932714
0,84057336
0,77880327
1,49834427
1,62111736
0,81045075
1,68265092
0,13810422
0,7387152
0,15820036
1,10050322
0,62058848
0,82750674
1,9520044
0,68621880
0,50004567
1,74009571
0,77130527
1,77755273
1,8598498
0,18067201
0,82253887
0,22643514
1,45795684
0,60018404
0,51518121
1,65038985
1,77848350
0,85268037
0,84442133
0,33654165
0,78871427
0,87443754
0,51728401
1,67314408
0,260410
0,86054804
1,74526297
1,11324116
1,56114609
1,21541657
0,78355324
1,63609333
1,40657828
0,7186403
0,83203414
1,61733963
0,8738220
0,18813453
1,70768123
0,34718233
0,13673338
0,87266575
0,25052771
0,81412054
0,71640323
1,73958669
0,80146043
1,77407373
0,55120562
1,21410641
1,64624752
0,86710625
0,81356283
0,84051553
0,70086800
1,58344706
0,83118702
0,35631814
0,28016736
1,81850666
0,85411757
1,50827740
1,7327765
0,33171200
0,84235265
0,53474287
1,12145239
0,6681638
0,50822360
1,80646272
1,41893344
1,71948061
0,77323504
0,44608281
1,61460093
1,8701797
1,65070350
0,37160537
0,71321807
0,82116435
0,14141214
1,74164928
0,85085162
1,9310817
1,66474239
0,55376281
0,22582262
1,25911337
1,41357480
0,80148133
1,65644455
0,50486676
1,64229203
1,79596977
0,21030877
0,85880104
1,41177433
0,35348361
1,73198946
1,73222081
0,41208427
1,43629927
0,18857782
1,58635394
0,20873060
1,71238058
0,76233655
0,7725326
1,58285967
0,45041763
0,65317323
1,64665864
1,76323931
0,82218022
1,40656762
1,60455496
0,30687326
0,40006073
0,83688282
1,51704590
0,22760228
0,76301373
0,42484135
1,41480449
0,46044526
0,33161273
0,51846625
1,61646223
0,87130422
0,53255722
1,62082835
1,76740771
0,14563678
0,56142042
0,83255744
0,65533124
1,75925520
0,55644666
0,7177317
0,65578144
0,62377504
1,9326666
1,58887547
1,11207948
1,80390496
1,16282275
1,44845347
1,68867711
1,36078068
0,80054388
0,80472276
0,28276650
0,15585820
0,76501083
1,27329458
0,76243627
1,54599094
0,83576383
1,76207313
0,76110242
0,55538175
0,25808535
1,69390534
0,87340832
0,63334572
0,67070700
0,5808032
0,87066218
0,61817655
0,84204530
0,55842502
0,14314385
0,67087821
0,36035575
0,6030778
1,39997407
1,7240976
1,73012946
1,66740879
0,86635644
0,5010137
0,36637488
0,6653441
1,63426027
1,44127127
0,27834033
0,16053241
0,66378141
1,77393684
0,74324363
0,52583384
0,54016221
0,77707368
0,13851140
0,87288017
1,69307409
1,8590161
1,20888879
1,16005546
0,84541788
0,43688776
1,21489493
0,28368127
0,77654271
0,7220036
0,87608242
0,7007110
1,28652303
1,62275272
0,42167506
0,40085746
0,34870413
0,55172136
0,26282554
1,78219333
1,42309777
0,45526556
0,447542
1,78752709
1,73882148
1,10437770
1,67639274
0,54444780
1,67570652
1,59317969
1,34512995
0,12704755
1,68233144
1,8295132
1,67349874
1,50621983
1,62524171
1,62261048
1,60183622
0,28764678
0,74026852
0,52751017
1,67321509
1,63179637
1,15990921
0,58123415
0,78443225
1,9474106
1,55304273
1,62082839
0,33871470
0,28647085
1,64831769
1,64832717
1,63948839
1,64539775
0,42583413
0,15588502
0,10175282
1,64817589
0,67344423
1,49654597
0,50080762
0,16484385
0,31756830
0,84576608
1,7934919
0,56535302
0,67842833
0,17544708
0,58381461
1,50030928
1,72994317
1,74838694
0,74705565
0,7834353
1,56674050
1,69271277
0,11185337
0,80115830
0,62362140
0,6626535
1,12386643
1,72677965
0,22042084
0,27031147
0,25382760
0,50536335
0,87602538
0,52114165
0,11175446
1,7744063
1,63610128
0,72085783
0,65764337
0,63775100
0,74860632
0,51848445
0,66420055
0,58416540
1,72928114
0,84306575
0,5164243
1,73740838
1,76373878
1,38860379
1,81701956
1,38257301
0,66452750
1,64465012
0,68540462
0,25341248
0,37470838
0,58626834
1,7602238
0,13124508
0,83811156
1,71624637
1,42969933
1,74373858
1,80020017
0,50728438
0,12056163
0,81882351
0,40148210
0,7352488
1,63235637
0,63746316
1,7799926
0,32574135
1,39857049
1,71249212
1,64583562
1,67859736
0,18444424
1,58751554
0,6432683
0,5325224
0,76882330
0,84415118
1,80893332
0,25850241
1,66168394
0,71182057
0,32106641
0,18315638
1,50445986
1,24458500
0,76533581
0,76611580
0,68283376
0,12660373
1,71431455
1,43942725
0,15245367
0,55151340
1,41299668
1,65672375
1,74150470
0,38448773
0,53611000
1,64345371
1,7843742
0,53820870
0,25183462
0,15273431
0,48406342
1,21201103
0,48647615
1,71779275
0,84310800
0,21366262
0,63214366
0,64644416
0,13316805
1,61665234
0,20263410
1,63305177
1,37582937
0,84767688
0,48368617
0,6380570
0,75586014
1,66681566
0,15224551
1,18496125
1,7845371
0,16463751
0,41442556
1,69408279
0,15172853
0,26778058
1,39114488
0,70474077
0,62420457
0,31445158
0,83477835
1,41427715
1,29893948
0,87831747
1,31137624
1,77801495
1,72994091
1,32630412
1,80546256
0,72813425
0,14823132
0,44115436
1,13154507
1,68525977
0,36538734
0,65330206
0,52045854
1,64372610
0,27165754
0,44103810
0,35324474
1,68558612
0,74704746
1,54383565
1,9901616
0,61677866
0,10007856
1,74723294
1,75643173
0,68004337
0,64617023
1,68760125
1,62755116
0,24578148
0,17083368
0,52112068
1,80369243
1,45578330
1,72627408
1,79715229
1,43056028
0,74556717
0,72151550
0,36626482
0,18170466
0,57218152
0,25058247
1,71694325
1,74193952
0,64586641
0,21885041
0,72745475
0,63011750
0,81124142
0,48285447
0,76268068
1,23228867
1,8446301
1,75871179
0,5386815
0,63727783
0,6677547
0,53215415
1,64178577
1,62673835
1,65843784
1,65843935
1,62545331
0,82180108
0,77531158
0,25280213
1,59324584
1,58378315
0,34576414
0,10402242
0,82375316
0,84571602
0,77818323
1,59754055
0,18180478
1,55964634
0,37182255
0,80057315
0,72070223
0,47402707
0,84646003
0,82356326
0,73552355
0,11353586
0,30610054
0,44226622
1,9030542
0,5705088
0,26238030
0,32108223
0,30480256
0,75040531
1,54143438
0,40564746
1,65561340
1,57223174
0,66674440
1,37898393
1,8443755
0,71466056
0,46113631
1,41732658
1,63173598
0,77123670
0,58154816
0,86704677
0,22625321
0,84788686
0,60254137
0,44751657
0,27685481
1,7366226
0,54566241
0,75781378
0,63637425
1,82323559
0,30673663
0,83382708
0,73145725
0,41774857
1,44665554
1,8708461
0,31100435
0,83565550
0,70027305
0,72883408
0,22655368
0,37376443
0,17407260
0,45021482
1,62561137
1,66970739
1,72311885
1,22928293
0,21110376
0,58033044
0,83466425
0,58185205
0,31381312
0,40683478
0,38422230
0,44716750
0,54874002
0,53245634
0,54167244
0,77312181
0,57245760
0,7256303
1,74001254
0,71152110
0,72551437
1,72021199
1,7873141
0,23120050
0,84143071
0,32687155
1,59162925
1,69916120
0,84003423
0,21768334
0,83208112
0,32855481
1,78328160
1,62383890
1,8304445
1,36459671
0,101680
1,66676354
1,60527421
0,44275663
0,70172301
1,44261085
0,72283173
0,52384432
0,81771434
1,48856113
0,47522163
1,79614102
1,69608857
1,40133838
1,39133001
0,48841307
0,27311747
0,48810241
0,60232564
0,85884045
0,45672333
0,77876468
0,84071812
0,62563312
0,23224634
1,72462394
1,50456879
1,7309995
1,9599782
1,66002351
0,76505666
0,26458138
1,43921571
0,12718002
0,73781563
0,34427721
0,22870815
0,27578780
1,29186906
0,44184760
0,54867523
0,23223137
0,72447537
0,32481882
1,83374556
1,9099802
1,70697100
1,64625816
0,23663024
0,30772388
1,75939943
1,63380971
1,68875304
0,71174663
0,56854441
0,21756501
1,23428366
1,11222130
1,43055748
0,85118000
0,44433620
0,55477067
0,73887336
0,22003712
0,22175151
0,50356543
1,74053822
0,87056212
0,26345438
0,76243437
0,23463353
0,55304176
1,64840803
1,54813845
0,23074380
0,62665313
0,14232327
0,17428153
0,40667412
1,69096999
0,82760188
1,61473306
1,65736524
0,63545101
0,54013038
0,8504713
0,31843348
0,73164671
0,81202428
1,62332424
0,40844501
0,87318614
0,76415663
0,58745715
0,11433170
0,82550280
1,66581971
1,65721458
1,62143637
0,25000811
0,28477010
0,20177570
0,68385577
1,67437229
0,80717411
0,50488202
1,60604375
1,58616924
1,55840267
1,68522709
1,65868467
1,64342110
0,57560455
0,36874383
0,68034357
0,27856861
1,59353473
0,84310262
0,71754061
1,71127620
1,20857292
1,70048885
0,34764284
0,71336331
1,69622738
1,61937618
1,68676781
0,40335768
0,50558217
0,44880051
0,60786628
0,77862501
1,61800354
1,7639530
1,63422582
1,10430630
0,84701165
0,80055532
0,40005687
0,56866170
0,7714357
0,73888000
0,28644522
1,13743778
1,69826126
1,73074038
1,7133765
1,14063932
0,6401772
0,85730726
1,71259074
1,16210555
1,48339071
0,56234085
0,5528304
0,58223000
0,21327510
0,60314162
0,78151181
0,84756482
0,71621528
0,76372364
0,86545778
1,72668124
1,67497840
0,76421686
0,55452113
0,54884742
1,28003688
0,84083665
0,8166265
0,45481241
0,24256832
0,85621314
0,48583551
0,11378758
0,6878164
0,55226833
1,7879168
0,6513011
0,14756628
0,76882152
0,28464557
1,60366101
1,74739231
0,74866751
1,75556919
0,86520668
0,63426184
0,28120672
0,50870130
1,55625015
1,23306409
1,43065722
0,66522840
0,63850513
0,41287821
1,83222295
0,23317204
1,79389039
1,61476504
1,60656616
0,17774416
0,46442048
0,17613170
0,7738341
0,60085737
0,84805236
1,63601674
0,82758408
0,41215630
0,41282136
1,83087452
0,40448388
0,64260751
1,62389312
0,53431542
0,6306156
0,74888560
0,13863436
0,32108608
1,73182387
0,48376710
0,53063107
0,40543504
0,77787831
0,77321531
1,64476383
0,12121824
0,86314806
0,72473567
0,77434280
0,82168642
0,40840152
0,81550407
0,80255314
0,41474663
0,55088502
1,21029091
0,84131764
0,33762876
1,54660731
0,8182052
0,81280147
0,48446631
0,86886288
0,67355746
1,69035669
0,75136466
0,13276551
0,22213425
1,20510765
1,65875412
1,41927981
0,55643445
0,48525108
0,10407763
0,66172238
0,82065717
0,18102132
0,10378731
0,15520782
0,71200000
1,65811575
1,19087509
0,21821585
0,52006163
0,80270876
1,75385706
1,40755083
1,64542972
1,38435692
1,81582486
0,65230302
0,65301576
1,70677257
1,60568994
0,43368400
0,77682575
0,48164883
0,52452240
1,73011126
0,46401003
0,75764420
0,25886882
0,84882455
0,28724830
1,62669942
0,13551146
1,63546354
1,61422188
0,21503256
0,78334514
0,73810401
0,70347634
0,83372250
1,63658536
0,57500711
0,44073273
0,20464360
1,49031412
1,7641802
0,50103828
0,78804751
0,24724444
0,87834454
0,12440715
0,10036473
1,64766765
1,73066561
1,67562857
0,57243120
0,73007286
0,26725626
0,71352880
0,62728060
1,73400250
0,81282048
0,5026742
0,53615832
0,53421058
0,33212647
0,48507806
0,24143348
1,8949199
0,86000138
0,77454451
0,86148520
0,32611637
0,84533860
0,15721760
0,14812315
1,65027839
1,22787987
1,73088060
1,40705466
1,70927738
1,7589929
0,45614888
0,33586150
0,11332530
1,12835308
1,62668742
0,85175780
0,18786535
0,5520200
1,65903448
1,62588507
0,85366826
0,13410852
0,33170725
0,32385618
0,76180485
0,41762853
0,41643081
0,86285344
0,83405556
1,74221241
0,63226768
0,34441821
0,36081875
0,81155328
1,21458700
0,16002752
0,61836533
0,62287078
1,7763911
1,55339207
1,59328352
0,41141583
0,14505534
0,23000354
0,20527188
0,25438638
0,61106466
0,84608778
0,75748423
0,16746542
1,28459678
1,19141106
0,54763678
0,13402315
0,66454261
0,63623321
0,56104882
0,32446807
1,37619429
1,68119936
1,69147536
0,7473540
0,22274856
0,83438873
1,80490411
0,73144583
0,85437337
0,45483844
0,82263531
0,33115430
0,72348144
0,60120381
0,52784406
0,76056067
0,10200341
1,62068637
1,9672892
0,44836671
0,22781071
0,84377841
0,13525715
1,73032355
1,77676167
1,40326689
0,77303276
0,46504636
1,16314266
0,34287741
0,75387157
0,70665382
1,69435199
0,50773773
0,56668386
0,63363367
1,12449670
1,63287540
0,26260801
0,37581538
0,52687515
0,58783533
0,37577623
0,67505526
0,86378881
0,37362172
0,86705250
1,7570274
1,13209692
0,65364344
0,37361524
0,43523687
0,64426840
0,8655344
0,31135337
1,21937087
1,15332652
1,67839196
0,74555665
0,14173764
0,55817007
0,43727604
1,69692427
0,78678014
0,65485182
0,16531281
0,86345600
0,44437751
0,68160373
1,69426170
1,76664658
0,75468358
0,28623485
0,35288254
0,36254236
0,15754621
1,67502602
1,7554963
1,41621936
1,42332275
1,61828407
0,37140477
0,67502664
0,23608187
0,67278107
0,8578738
0,45208347
0,87548738
0,84074321
1,80486776
0,81834231
0,75370268
0,67440720
0,82242873
0,66534847
0,85282406
0,33236333
0,38142421
0,52006210
0,63640646
1,70880361
0,51177123
0,85882171
0,83258754
0,42406070
0,48132776
0,58000016
0,31462053
0,54872607
0,26013770
1,69360830
1,10521833
1,71261845
0,66653650
0,27428220
0,73206464
1,9312685
0,30757360
0,27720088
0,55348058
0,26173530
0,33006708
1,63706967
1,10536106
1,64335580
0,21631300
0,7716501
0,58527530
0,84731542
0,74882324
0,74581065
0,13101271
1,81286325
1,51665873
0,47487744
0,58161000
1,54679925
0,36714275
0,66362126
0,71084648
0,17516352
0,54782625
1,22151838
0,78713148
0,58673835
0,82045435
0,35524833
0,74633048
0,75415561
1,73602597
1,63195019
1,74129699
0,10221524
0,54008027
0,21021845
1,63108638
1,54545018
1,13967870
1,41456751
0,81536156
0,40314871
0,60803846
0,78564607
0,30848254
1,72962085
1,77753322
0,78536511
0,86762403
0,84535850
0,78725444
1,70183837
1,72926798
0,21812207
0,32007233
0,43731487
0,57330511
1,40093857
1,71944143
0,67117856
0,41425482
0,56352577
0,26752865
1,62816067
0,84686468
0,21127564
0,52514743
0,78815837
0,14543387
0,23723332
0,50455363
1,46735768
1,45792253
0,84333566
0,80060028
0,33313548
1,16600691
0,37636204
1,67544104
1,71897541
1,67980766
0,86464543
0,84071070
0,84436250
0,60814537
0,21745578
0,86805126
0,20883583
1,64246914
1,65785455
0,83377033
0,24006002
0,18853044
1,76402908
0,8641537
0,75310802
0,61023715
0,38782560
1,73596989
0,54470118
0,42822048
0,40276548
0,75278844
0,42860330
0,61315056
1,63959493
1,7556637
1,62359271
0,42636378
0,23453620
0,11285150
0,61040483
0,17872751
1,60989420
0,71364083
0,80588032
0,76781887
0,72658763
1,79858509
0,21228480
0,48873756
0,76601523
0,35208781
0,57201103
0,83885117
0,72635528
1,64552515
0,7034056
0,33751660
0,60884744
0,41088017
0,16044575
1,41167965
0,24413060
0,85332483
0,81317801
1,19276597
1,68376083
0,66400071
0,35378226
0,81040560
0,57250036
0,50805221
1,12459103
1,60718123
0,40110467
0,21733275
0,87468214
0,45186774
1,64493407
1,69308240
1,59370770
1,74769856
1,57242239
0,20717525
0,30364308
0,85181080
0,6538554
0,45885411
0,68560081
0,63717227
0,86700483
0,41580588
0,7120044
0,61412884
1,53203335
1,66009979
0,56725443
0,20837851
0,81285552
0,77225248
0,72828467
0,22078526
0,58638355
0,16684521
0,72506611
1,44157262
0,51536335
0,81652816
0,48371005
0,27024846
0,21244631
0,11871015
0,24785414
1,79934081
1,62789095
0,6551707
0,8837662
0,38110775
0,57400858
0,73017001
0,33831630
0,85515767
1,73569119
1,61837797
1,72667344
0,22065066
0,74514701
1,73158317
1,72781857
0,11427252
0,40548473
0,41258547
0,8067161
0,46077666
0,63335068
0,14306804
1,62463437
0,66484482
0,58020877
0,86482425
0,30784105
0,13628812
0,18418156
1,7589924
1,58949814
0,74176557
0,18073650
0,21744682
0,46613603
0,51001723
0,11510144
0,81712036
0,51837267
0,22740051
0,66612203
1,57903545
1,20216114
0,30077777
0,85312644
0,45166680
0,66011056
0,50433722
0,26247777
0,8488428
0,75226267
0,17653085
0,71223758
0,70546886
1,55924177
0,65584410
0,14462632
0,83808426
0,17320243
0,28214678
0,51777564
0,85635152
0,16830100
0,74125347
0,85884440
0,86842434
0,12647452
0,66504701
0,16714370
0,81170330
0,10865673
0,86187742
0,28106668
1,43941415
1,70660407
1,45158508
0,12505157
1,63551017
0,80274404
0,23388172
0,38124061
0,5648307
0,85834434
0,74111206
0,51431647
0,58655450
1,14953021
0,73274373
0,80142332
0,23842458
0,64136541
0,81525616
1,13740940
1,50033127
0,65114770
0,85300434
0,85600027
0,21022410
0,38822651
0,45656162
1,60597756
0,54081606
0,41380714
0,64682661
0,36668674
0,86055133
0,14853453
0,27302862
1,67834399
0,67152545
0,70383331
0,5670025
1,12379064
1,64159502
0,25450158
0,6086130
0,17857117
1,59040720
1,69065905
1,27408701
0,30807146
0,8775065
1,65470322
1,77376976
1,57450103
0,42311112
0,32868458
0,66620378
0,15581653
0,82826452
1,65227220
0,56502130
0,67277544
0,41107508
0,8582534
0,65267668
0,81432022
0,70042366
1,6321359
0,54082880
0,84622045
0,45454767
0,45142818
0,44552135
1,66868374
1,60807400
0,42481030
0,13572855
0,80243687
0,38644771
1,58217017
0,73287267
0,73785208
0,13233475
0,51758000
0,67065670
0,43462878
0,16748271
1,67581606
1,62352985
0,27862581
0,6737151
0,83001646
0,85777031
1,81315713
1,10890930
0,78668145
0,41806661
0,82726055
0,84710063
1,7946058
1,76278714
0,18685254
0,60008002
0,54300100
0,61078765
0,23540281
0,42360126
1,46900023
1,60591061
1,12379251
0,8860770
0,37044074
0,22613435
0,86477033
0,51238835
0,42620360
0,32722108
0,15877267
0,85467887
1,61437811
1,50069901
1,24108078
0,26082025
0,87116233
0,68844222
0,24888035
0,54882140
0,7141506
1,80694428
1,65352249
1,66303071
1,27725426
1,55749436
0,36411167
0,31032641
0,14827144
0,18465162
1,80412989
1,11812984
1,26491104
1,68804263
0,80260516
0,27445445
0,65602385
0,20618517
0,65832251
0,45075306
0,34640261
1,79749992
0,40173041
0,82873788
0,36630245
0,57275356
0,14756841
0,30002071
0,54468318
0,87476468
0,61632616
0,56261870
1,60981651
0,42650571
0,60646841
0,72260111
1,71933382
0,70621615
0,35735032
0,52872647
1,22569020
0,44154743
0,41215257
0,18884823
0,83781747
0,16543536
0,7302306
0,72830572
1,22039663
0,51852308
0,43388163
0,22034626
0,12478755
0,74027657
0,86766506
1,10440083
1,64935158
1,18148917
0,78563378
0,17740174
0,57178118
0,67134301
1,11536948
1,67685765
1,62418849
0,12888637
0,85611600
1,64824520
1,12561742
0,73832207
0,31313105
0,18306288
0,50625511
0,50173355
0,28744008
0,60463085
0,53428735
1,12879347
1,6994055
1,7632107
0,32104017
0,25617705
0,42703128
1,49888248
1,21460515
1,65159735
0,73823448
0,53312213
0,81600701
0,13818577
1,58901700
1,9821739
1,52799203
0,77076622
0,56646170
0,74584511
1,76451764
1,53924672
0,81557717
0,87424601
0,52381364
0,77701013
0,12403477
0,31535884
0,64668562
1,34147705
1,54889030
1,41184274
1,21075673
1,73269999
1,70411732
0,54575386
0,51145150
0,64801205
0,51324246
1,62194649
1,76313295
0,76625564
0,76065734
0,63586183
1,38675459
1,61426379
1,56822703
1,44680442
0,25720435
0,80045458
0,50027454
0,70772572
0,50740073
0,41015276
1,49764251
0,42422123
0,31116770
0,55501487
0,83500231
0,38841858
0,26173128
0,87156455
1,74160072
1,68255352
0,33566736
0,84184533
0,52578310
0,40686004
0,84161508
1,49699038
1,10682655
0,32638743
0,50516763
0,80333484
0,71118206
0,73507216
0,62214343
0,43107621
1,7366915
1,62666526
1,66539591
1,62758867
0,16037247
0,85510665
0,8802304
0,50030315
0,34827652
0,43583006
0,81088032
0,7173388
1,11176746
1,66197603
1,59882103
1,44244720
1,65964195
0,26464426
0,15182547
0,46288503
0,23208137
0,62264581
0,13127668
0,77578155
0,403781
0,33080410
0,52772740
0,14127540
0,83782056
1,28202338
1,80286006
0,30788384
0,75675705
0,68366504
0,31673152
0,5302047
0,86734838
0,27267670
0,38785222
0,56182867
0,21887666
0,65572601
0,38416028
0,36601566
0,85033850
0,42132011
0,47673521
1,43177915
1,45406758
0,40814470
0,11181375
0,36507685
0,72802221
0,47377777
0,43814812
1,15401253
1,7268463
1,59032526
0,35706558
0,38282743
0,67825582
0,68181011
0,86181825
0,22680588
1,63675505
0,66056518
0,12204424
0,48104653
0,32488712
1,70458933
0,14854611
0,60635707
0,35084452
0,64337667
0,55170032
0,86717487
0,83333041
0,65147360
1,38527967
1,60643942
0,64757216
0,15653172
1,7608911
1,69357023
0,12668255
0,75732231
0,66113057
1,67987405
0,86462012
0,55723820
0,83484336
0,77807537
0,60155262
1,7652705
0,33543875
0,32533312
0,25218812
1,44225964
1,52840895
1,75772752
0,27723154
0,86334535
0,86307072
0,11206787
0,65116217
1,63288351
1,76236996
1,77921884
0,22530165
0,81843442
0,72576763
0,84474283
0,56014132
0,76146887
0,41041857
0,7224504
1,50121595
0,32135607
0,70877063
0,57313441
0,68777851
0,58847367
0,57472570
0,42008504
1,62784127
1,8041449
1,69275228
1,65491188
0,68802426
0,82421468
0,80001175
0,80123742
0,83417515
0,7770312
0,42656712
0,8058158
1,61684555
1,54322045
0,27350745
0,60523143
0,85006683
0,83375711
0,31618216
1,67021940
1,73115895
0,21325536
0,34006664
0,40555255
0,7286622
0,61226516
0,37374606
0,78862304
1,42077222
1,60702110
1,73364341
0,58011740
1,9565051
1,45701208
1,53085606
0,45800844
0,30417588
0,56834132
0,44536871
1,44720511
1,33698748
0,32427748
0,82844050
0,75630323
0,18510525
0,54540115
0,14637616
0,35664718
0,75072884
0,47256474
1,68549354
1,69113915
1,41332761
0,76215470
0,81781468
0,32311238
0,72222643
0,34053551
0,87242073
0,26628571
1,41801471
0,81631304
0,85152846
0,55335544
0,36118520
0,78445136
0,34788802
0,75878800
0,87067046
0,83543545
1,40770152
1,60511876
0,75140648
0,17522425
0,6873502
0,87875450
0,34225450
1,74504943
0,38257001
0,18077053
0,25050371
0,48140180
0,14223803
0,51246515
1,62006838
1,10330335
1,79882979
0,42810655
0,27741825
0,61001067
1,63932652
1,25984487
0,24750704
0,75061746
0,23616743
0,27852285
0,8006030
1,9687784
1,83050077
0,53334715
0,47260830
0,63564771
1,22563807
1,47438967
1,68704542
1,73762802
0,75208405
0,18778271
0,50033276
0,58610112
0,20757622
0,33808287
1,61273307
1,54297731
1,65977757
0,25487137
0,6802517
1,39364743
1,72503990
0,15511455
0,81725725
0,50733874
0,40343286
1,68923707
0,74064834
0,11536163
0,35038577
0,48032332
1,63995536
1,71860082
1,64674732
0,17447734
0,51633010
1,73178314
1,7591346
0,76826745
0,58612576
0,23850048
0,71771370
0,87100522
0,63016610
0,22776037
1,63632214
0,23283551
0,17617476
0,63457356
0,32686217
0,7650313
0,56506726
0,48280442
0,63112237
1,64655671
0,86664032
0,8547364
0,18117311
0,70306535
1,84098702
1,54119944
1,41357762
0,82687853
0,72000347
0,82538078
0,11660486
0,51855146
0,15616330
0,26157561
0,35373277
0,38001622
1,62949225
1,69936448
0,35563082
0,33754716
0,64222716
0,10124010
0,55082528
1,74844216
0,56128226
0,51760048
0,83157646
0,30550121
1,8347199
1,52046047
1,60203917
1,11185227
1,67624177
0,85057117
0,52401842
0,55040628
0,48618012
0,71775723
0,32637563
0,54587715
1,75074483
1,67038842
0,60305684
0,68654533
0,46283088
0,85524228
0,43870050
0,560037
0,85327550
0,12731134
0,41844488
1,48871266
1,11548439
1,55109012
1,66791623
0,33814788
0,57316288
0,5886521
0,81231387
0,75605177
0,50455838
1,76505715
1,44285052
1,64832886
1,70953775
0,82205213
0,17417721
0,21650117
0,64730133
0,81035162
1,56638856
1,22054773
0,58358720
0,30628301
0,64215771
0,81343386
0,37040641
0,83826162
0,24554875
0,71715162
1,47525387
1,66576328
0,45825044
0,80514147
0,28825074
0,83612158
0,10615336
1,52846274
1,7356231
1,80231013
0,52173415
0,86844376
0,78740026
0,18721788
0,40080888
1,40755477
1,82372976
1,8507857
1,21466588
0,87085887
0,63617623
0,52103170
0,15842317
1,77948895
1,74822582
0,74388646
0,75185720
0,57082737
0,46383660
0,77780560
0,84146518
0,28810686
0,41044544
1,59863968
1,84571296
0,62235273
0,66053462
0,54258622
0,68203780
1,25167567
0,70113271
0,66883028
0,22755788
0,54224731
0,54315110
0,85332221
0,52206410
0,45644448
0,86254472
0,7354505
1,72111124
1,49770258
1,12879641
1,79233785
1,8453743
0,5103535
0,17481422
0,86847626
0,16481274
0,10137587
0,34623032
0,63354245
1,22497739
0,80383625
0,64231472
0,12587234
0,10546431
1,7572516
0,11228253
0,33177438
0,52133242
0,86022840
0,81064323
0,23434361
0,52637236
0,67322168
1,51661254
1,59131678
1,71891035
1,10098799
0,13417632
0,31766133
0,14827107
0,38856888
0,5773013
1,66210565
1,76971791
0,86767037
0,30063833
0,80857765
0,48580604
0,80826076
0,26113332
1,58732239
1,12165287
0,54848573
0,81082475
0,35512337
0,36246227
1,7588641
1,30598961
1,36149635
0,87232328
0,63026083
0,82025202
0,75868081
0,82462756
0,18453561
0,53235640
0,15102722
0,63525525
1,12244264
0,37040567
0,14275786
0,57874352
0,76604708
0,24604154
0,21802480
0,34772267
0,61102181
0,46411747
0,36425172
0,68183068
1,72463179
1,41428714
0,44182354
0,67864108
0,64340253
0,12383528
1,44216327
1,9369123
1,78961446
1,66491397
1,62506344
0,38347263
0,53245868
0,83628205
0,56460462
0,74678526
0,13633173
1,9057710
0,81154328
0,62112824
0,36051601
0,66801800
0,56055216
0,45832414
0,11380238
0,87221826
0,36667040
0,48058266
1,74830397
1,59979178
1,61040772
1,6018143
0,86643073
0,14577006
0,48835082
0,38888022
0,58148678
0,83674777
0,48005821
1,7570753
1,29822876
0,66750740
0,81162652
0,74588005
0,42106526
0,50105080
0,23375400
0,54366226
1,66171618
1,63519170
0,82046817
0,8445322
0,35736607
0,85310643
1,63671894
1,71410401
1,71339387
0,8370263
0,82017834
1,73802994
0,51852578
0,30353085
0,65045538
0,26711007
0,70527444
0,51127585
0,18565886
0,30755777
0,13821354
0,84046174
1,55470401
0,63828817
0,33626874
0,76123731
0,6203317
0,66137308
0,43172253
0,84862103
1,55977089
0,76503056
0,71162663
0,27603035
0,47866254
0,15563301
0,81662247
0,8407272
0,74466727
0,15234886
0,30164506
0,30178866
0,82017827
0,20682237
0,66804371
0,50714788
0,37222108
0,80324048
0,36207577
0,86281875
0,36441304
0,14274404
1,13473274
1,39682314
0,41486718
0,62158258
0,66321312
0,17043514
0,17538634
0,23740750
0,84262024
0,42320724
1,8697228
1,74181999
0,23476785
0,61757012
0,74132065
0,71250267
0,6317168
0,37068785
0,61573288
0,32342722
0,54158245
1,8061264
1,61679010
0,63080560
0,62453585
0,85770387
0,5674866
1,64394489
0,61451385
0,24270054
0,5516351
0,61572302
0,18000212
0,82887868
0,82431563
0,33243840
1,5395952
1,46358349
1,69185772
0,22468283
0,48275781
0,82865808
0,72751510
0,77227676
0,32403122
1,7485582
1,61820833
0,85171410
0,80361338
0,40688034
0,15082851
0,65385026
0,37521603
0,48468386
1,62914748
1,12698902
0,6808063
0,73486030
0,65177127
0,16433385
0,24118527
0,33676841
0,24044063
0,74544380
0,43180081
0,87022366
0,74625281
0,68162024
1,64244572
0,50778137
0,56051011
0,87530712
0,40751161
0,27434683
0,32665833
0,80076122
1,73128040
1,64676231
1,57352334
0,62136055
0,18668415
0,84571253
0,28714806
0,36756750
0,73603467
0,78103303
0,41333384
0,74835563
0,87540624
0,24863015
1,59626830
1,62294652
1,11470654
0,35035821
0,73526504
0,28127217
0,56230387
0,37560778
0,11313834
0,56281058
0,82345036
0,48017707
0,73430456
1,41911538
1,74902583
1,78508028
1,14832902
0,34513468
0,82704143
0,68471053
0,87882418
0,25616855
1,81196646
0,72572407
0,64206364
0,51632041
0,12253748
1,8152219
0,87735653
0,18525648
0,83676118
0,61844283
0,71208372
0,6646512
0,55622548
1,62006707
1,71936063
0,68458214
0,72516854
0,27266472
0,71443173
0,23651708
0,13130711
0,74028741
0,31413533
0,12385547
1,69626390
0,46443338
0,52304367
0,22763024
0,53687785
0,66722028
1,59177349
0,52320134
0,53874845
0,76777803
0,28663674
0,83118541
0,52467814
1,53344434
1,61253325
1,41097378
1,65562149
0,44372513
0,83851067
0,5438087
0,67351613
0,65443241
0,85645261
0,18677311
0,25167517
0,50670828
0,27136538
0,14020284
0,53238346
1,62831350
1,44446518
0,31565578
0,14502782
0,83744280
0,11473485
0,46542325
0,24713247
0,41781654
1,8293590
0,87851113
0,12016156
0,80470151
0,30801617
0,37151151
0,85887784
0,32177071
0,58674438
0,22413848
0,73112032
0,36305107
0,42388500
0,11661704
1,40012676
0,20268136
0,20777555
0,27040581
0,85145256
0,85868643
0,65416000
0,18512274
0,62453070
0,8126657
0,16202773
0,217205
1,7609838
1,77442548
1,76304378
0,85523008
0,8788548
0,84022734
0,15682412
0,24754375
0,36124611
0,14700630
1,73739232
1,36646977
0,70028256
0,53582587
0,86343357
0,41002838
0,87536614
0,16122431
0,55561764
0,82083468
0,16833244
0,60767400
1,37002359
1,70903618
1,63313506
1,66363252
0,85254086
0,31028606
0,83262516
0,51576015
0,43788055
0,83167208
0,10576666
0,35641871
0,50263026
0,50172831
0,67801174
1,62481382
1,64767484
1,31234275
1,66158630
0,38020764
0,66608637
0,28262221
0,6224513
0,47876588
1,62372960
1,70336480
1,74463656
0,13463471
0,61014537
0,81841017
0,8700527
0,5641506
0,50203246
0,35586466
1,40978438
1,68629585
1,10533881
1,69501392
0,6406458
0,66568255
0,67516151
0,68440034
0,81702301
0,86205161
1,67435887
0,10264552
0,80472855
0,73588067
0,15346553
0,62548860
0,15551046
0,58851161
0,33007058
1,80788092
1,69115494
1,73204223
0,76038644
0,70200137
0,76264587
0,57508778
0,62507761
0,56117271
0,51512625
0,17820287
0,25817786
0,24771506
0,58871307
1,7558589
1,5244647
0,42565164
0,60288264
0,36745808
1,7525848
1,67507443
1,57415353
1,22092258
1,63664084
0,63776805
0,84416084
0,54772207
0,8173656
0,84414555
0,38561027
0,6005488
0,50307575
1,14794336
0,16543067
0,47587733
0,75415850
0,40544545
0,74302631
0,24863816
0,30113664
0,54420415
1,41547074
1,70317369
0,86835418
0,28721101
0,83776264
0,48587834
0,44152546
1,61234496
1,39963303
1,29840898
1,55670528
0,37607300
0,70043087
0,6588438
0,75830826
0,33710855
0,632743
0,87450288
0,81417005
0,71730841
0,75540322
0,11301232
0,75480368
0,7567137
1,75495871
0,63766325
0,83531262
0,24274084
0,84387752
0,11841504
0,74548608
0,33122025
0,62100567
1,38492067
1,83144987
0,71430084
0,17030323
0,41013144
0,68451550
0,20384651
0,72631220
0,27703386
1,27447940
1,62661019
0,40517334
0,12605484
0,12270873
0,53500541
0,64627136
1,66884532
1,21885915
1,56495433
1,57669184
1,69457765
0,14256206
0,43616048
0,46678767
0,86068185
0,58845532
0,81602387
0,17364328
0,10860001
0,37643622
0,40170126
1,73729101
1,7305595
0,25761825
0,46081184
0,67652016
0,31625688
0,32172120
0,15442885
0,24740037
0,56528445
0,57857646
1,51401460
0,40844708
0,63845683
0,34111760
0,86341117
0,36244818
0,73450261
0,10126321
0,62650571
0,65042005
0,80351711
0,76666053
0,86581682
0,43763724
0,30124826
0,50614202
0,10472774
0,86511577
1,8392728
0,45137213
0,58022257
0,44520060
0,12545732
0,37821773
0,46613615
1,66870308
0,23421742
0,32170041
0,38072085
0,40627722
0,86082743
0,65501183
0,11122786
0,11378550
0,51145001
0,54712002
1,9315729
1,61573701
1,71139054
1,8392319
1,61433201
0,82605650
0,72015405
0,53374314
0,83050885
0,14841044
0,58054032
1,61225009
1,11470923
1,52343037
1,57913622
1,61134413
1,42762845
0,72086504
0,55538345
0,44611714
0,28325713
0,62741612
1,20161396
0,53786000
0,40582332
0,30750760
0,41423184
0,84860223
0,35130763
0,17867482
0,11676722
0,54573038
0,12422470
0,74311763
0,82758275
0,26368021
0,84354235
0,8255486
0,50315742
0,61677704
0,67870838
0,14441574
0,78227523
1,68019050
0,54774072
0,61344556
0,76272760
0,67010223
0,55102881
0,73783323
0,10526065
1,61237529
0,34653137
0,26856405
0,48176414
0,11306670
0,36273300
0,24550003
1,7907293
1,22277230
0,84330253
0,46072127
0,72088207
0,71672321
0,77471087
0,54335778
0,82331730
1,74860285
1,50424484
0,15524861
0,12270323
0,50624286
0,6235442
0,62708772
0,52861455
0,41243572
0,75328276
0,78716478
1,38556020
0,38547116
0,60021457
0,72576161
0,53340355
0,15127756
0,32404655
0,36404450
0,34285387
0,8348742
0,57411741
1,63024556
1,80272076
0,27680525
0,61362018
1,74326926
0,71064520
0,75102040
0,52462732
0,54563647
0,38426131
0,34284626
0,43456374
1,8451028
1,59856374
0,33647584
0,83440027
0,78766367
0,20162671
0,83788434
0,44874017
0,25458216
0,12812643
0,27038058
0,72171842
0,60140132
0,73074524
0,13016412
0,27362248
0,52311588
0,60368262
0,7381588
0,63646473
0,20772880
0,85125582
1,63127169
0,21360460
0,53052630
0,61760765
0,52547150
0,52343811
0,42767853
0,65888535
0,62613784
0,37148870
0,16610485
0,62405184
0,60625460
0,87201611
1,63274333
0,35021086
0,25450603
0,45182442
0,43640675
0,13611247
0,36631570
0,81141006
1,74010292
1,62220145
0,77834180
0,68138401
0,34727483
0,70807582
0,12352188
0,86364266
0,76878557
0,16657322
0,45522805
0,37884880
1,70722225
1,55108308
1,36113881
0,24518878
0,85174566
0,28728051
0,26821263
0,75464450
0,86443736
0,56734635
1,34924069
1,75701167
0,22005847
0,25082411
0,40640227
0,85818270
0,72141282
0,84726516
0,25575304
0,28834672
0,58365546
0,82624141
0,54813343
0,60310743
1,75124402
1,74099316
0,11830175
0,71868121
0,7718551
0,72885111
0,52848075
0,7616426
0,42161072
0,36766804
0,47033048
0,23777348
0,60268645
0,43612655
1,60108349
1,14659883
1,37398885
0,40703450
0,80671404
0,42465215
0,62854383
0,24851350
0,35171834
0,71442364
0,18116036
0,87054108
0,71635332
0,47251016
0,82321604
0,27081038
0,52452205
0,33870424
0,87360168
1,59748882
1,8273318
0,18841486
0,81630872
0,84778885
0,85628631
0,31328147
0,86470105
0,83668051
0,22545210
0,47824321
0,54846812
0,87721340
0,42821360
1,12627719
1,7731300
0,80335711
0,35180266
0,77332887
0,77621466
0,30256808
0,51804024
0,81282041
0,73231516
0,84235281
0,55761231
1,60851410
0,23030084
0,7038337
0,8522686
0,41681768
0,35180707
0,75657557
0,60538733
0,85265061
0,48221745
0,62673444
0,65448665
0,21623403
0,60888013
0,81543805
1,75932222
0,81050684
0,30586513
0,35540368
0,82653103
1,62868215
0,31318770
0,38822103
0,76551648
0,34364550
0,62408532
0,74468743
0,82823574
0,8646035
0,70725268
1,76137998
1,79025466
1,55645845
1,63662726
0,38424317
0,60232557
1,83498280
0,50707652
0,81281320
0,47883274
0,83880110
0,40542643
0,56144033
0,85387501
0,78022357
0,43153633
0,56766087
1,8418918
0,57118337
0,51715141
0,16861630
0,83182186
0,26064116
0,30451308
0,53117627
0,86805634
0,46703610
0,74714243
0,48800438
0,58642833
0,5485333
0,68212682
0,11105323
0,66136173
0,37678017
0,78851017
1,62709439
1,68095454
0,87346164
0,35466308
0,21130677
0,40202741
0,48561443
0,12864354
0,34104511
0,61763482
0,70516647
0,20318254
0,77083758
0,6528717
0,52356146
0,50173562
0,21423284
0,28377880
0,67438573
0,41562874
0,64258841
0,81674812
0,56343537
0,76238780
0,36423667
0,18477076
0,66125026
0,81140205
0,86605136
1,77344106
1,60836034
1,66507514
1,76791995
0,63454883
0,43873872
0,48235534
0,65716546
0,83852378
0,51486550
0,11384588
0,21128642
1,15658436
1,73239530
1,64739794
0,16254842
0,43443426
0,20881073
0,58172032
0,44528216
0,18132444
0,63776544
0,11204658
0,84773875
0,37854750
0,47851468
0,25267142
0,73773526
1,65462196
1,65895876
0,11201130
0,87382735
0,17004381
0,63623100
0,42016561
0,28484487
0,20881467
0,83320867
0,85708852
0,80184141
0,41641017
0,85708410
0,31746042
0,84215633
0,24832156
0,42755107
0,11276213
0,7247352
0,61574655
0,51548112
0,78634558
1,10933927
0,10174406
0,87027467
0,82580774
0,82847746
0,87276461
0,64351455
0,30433425
0,87305720
0,27608744
0,53451077
0,13583533
0,76511206
0,46503723
0,15233564
0,63743586
0,84042518
1,17524175
1,76074542
0,51176125
0,30766583
0,51352881
0,80177364
0,7477054
0,28587232
0,32167570
0,46461318
1,8149808
1,78385907
1,41028270
1,18094844
0,37230267
0,25124422
0,10383778
0,40027715
0,62714418
0,42172861
0,84273450
0,40550368
0,25247775
0,51651884
1,69126772
0,56437876
0,84664755
0,71052018
0,62337067
0,55887852
0,55688463
0,87547712
0,11378602
1,48065782
0,60631186
0,37023162
0,48551350
0,48712752
0,8640083
0,80543618
0,44187088
1,82744618
0,87385881
0,41523456
0,54558236
0,81632061
0,14667088
0,16001863
0,82480780
0,15363887
0,32323535
1,36432860
1,59530212
1,67717995
0,85738154
0,36315041
0,74781117
0,18865824
0,42880264
0,33708188
0,67431686
0,22624406
0,36278437
0,21205357
0,20845881
0,73701305
0,20316865
0,41743678
1,70306123
0,35345232
0,53648846
0,85871702
0,53257166
0,8585038
0,60311134
0,68033645
0,8044871
0,87634630
1,74903793
1,57792970
1,70112080
1,74349945
0,87443176
0,78208374
0,36214810
0,72540175
0,72121564
0,10044248
0,25244786
0,7713337
1,68990149
1,71930984
1,75201427
0,72764448
0,82636323
0,25310177
0,12055713
0,62277446
0,61523456
0,58337322
0,6188562
0,6214377
0,41801021
0,27040568
0,45738538
0,38040352
0,63360572
0,15230771
0,78210317
0,70655178
0,32432578
0,62682635
0,6811872
0,7571524
0,27251113
0,74375240
0,82446130
0,52880483
0,53767051
1,9655471
0,36758343
0,57457650
0,80518711
0,61076522
0,63847020
0,71470052
0,6614808
0,55861548
0,78111772
0,16271401
1,54007919
1,62535342
1,12472086
0,71418763
0,47537520
0,71702186
0,55233104
1,78456448
0,26741154
0,67823788
0,67454632
0,51230276
0,6518847
0,10851032
0,54564442
0,50335758
0,16014546
0,74725088
0,54337167
0,34653742
1,63375902
1,54963111
0,76224257
0,64848031
0,70567573
0,77152222
0,32527104
0,18735411
0,53680075
0,17804713
0,77420331
0,71840748
0,32056601
0,44846876
0,85142725
0,81327802
0,32786052
0,53467527
0,80406152
0,8157211
0,40705273
0,82537317
0,37465243
0,28550647
0,34052782
0,72018381
0,85087871
0,14637086
0,38444157
0,28065340
0,11712146
0,44767810
0,57380735
0,81075285
0,45322228
0,85652557
0,84265001
0,52027113
0,50363427
0,34520036
0,52005465
0,46675764
1,62579479
0,78754873
0,7764177
0,7524261
0,53602282
0,70848315
0,70560712
0,83261362
0,75348886
0,13037614
0,18327333
0,16438813
0,50828716
0,81232061
0,26204441
0,17458388
0,68480717
0,11413812
0,23457711
0,45460583
1,61905418
0,74107111
0,84578340
0,26560833
0,32277183
0,54485480
0,70730776
0,18322334
0,26070428
0,71333475
0,60683885
0,6264670
0,85218220
0,58631520
1,65138912
0,87662708
0,27756042
0,28832241
0,85676237
0,57132733
0,7548544
0,45013222
0,20072083
0,73835824
0,31020147
0,18273630
0,31565580
0,18407848
0,44257773
0,63375005
0,24575473
0,13548323
0,40324046
0,60037623
0,41721052
1,41401329
1,74397585
1,60174970
0,33072658
0,84080080
0,64811088
0,43053513
0,37135248
0,17473822
0,78772054
0,14155537
0,48142464
0,70738153
0,72363632
0,83272012
0,84403856
0,27258468
1,8624524
0,11414505
0,47716680
0,85351782
0,74477763
0,67635781
0,58514464
0,23444813
0,60760876
0,74265084
0,8352426
1,38526525
1,9728960
1,7577815
0,14046466
0,15257464
0,43006764
0,33838865
0,31733837
0,48510613
0,58101718
1,65917132
1,25653225
1,71689252
0,73535352
0,83246835
0,22708360
0,74484122
0,21362725
0,26004580
0,56174016
0,82678562
0,32083868
0,632482
0,28824285
0,78784632
0,40431051
1,80409172
0,51072071
0,85128167
0,20601572
0,60456022
0,73574737
0,10015408
0,76713803
0,17501071
1,22552446
1,64248857
0,74477433
0,28123846
0,61406340
0,80003747
0,11733383
0,62354411
0,81103710
0,86824815
0,86077334
0,6358628
0,11856461
0,7467103
1,53522390
1,79320526
0,18657843
0,41722445
0,86826137
0,16865416
0,38842555
0,25885118
0,38302828
0,82220141
0,83057405
0,58580778
0,48318243
0,74100453
0,15615218
0,14210428
0,78287350
0,58610406
0,61140438
0,60884265
0,30171630
0,18641244
0,35163673
0,25838077
0,25875876
0,82083538
0,82031533
1,73912039
0,78505881
0,58456775
0,55277747
0,31571501
0,27251427
0,70448016
0,56625253
0,81777561
0,22244365
0,61661458
0,10325182
0,32463638
0,10346511
0,72872046
0,61425762
0,62401307
1,69650076
1,29160522
0,47418457
0,70838885
0,31575158
0,48384127
0,87434187
0,20662321
0,24367834
0,30678863
0,15417233
0,26017142
0,46461266
0,84068056
1,74234704
1,69998943
1,65459379
0,76031635
0,52144665
0,53468075
0,50481053
0,6778628
0,27316647
0,77630785
0,82755054
0,46653086
0,57318783
0,57724118
1,8407600
1,69205407
0,40761383
0,84088407
0,38801175
0,27502543
0,30750233
0,37414568
0,13355683
0,77403024
0,37732071
0,54364531
0,68811412
0,84438021
1,69682074
0,48828740
0,30353477
0,25838183
0,82118513
0,76282572
0,84572858
0,86420123
0,86731627
0,61123708
0,32665862
0,43602314
0,21601451
0,65330832
0,33771635
1,60352835
0,85541520
0,30764407
0,37232215
0,35485268
0,15505170
0,32830460
0,6741407
0,43133214
1,74801482
0,67537412
0,11613265
0,6125416
0,82706565
0,61232074
0,15335843
0,53013823
0,35108427
0,45422471
0,30733504
0,35530643
0,6367737
0,80327131
0,13823020
0,52517445
0,30223051
1,77918249
1,11077794
0,22757187
0,48408836
0,6805056
0,26740353
0,26031681
0,36564770
0,12147040
0,81054314
0,36527516
1,59268650
0,73781384
0,67520045
0,81070565
0,24858572
0,80886373
0,40274764
0,22325121
0,54158857
0,42668676
0,67545461
0,82256217
0,42155365
0,36641840
0,40547246
1,68311884
0,75483135
0,41144573
0,17220861
0,56382003
0,76810734
0,61501430
0,33330208
0,37438384
0,15512864
0,15083717
1,61834011
1,81938828
1,53083446
0,74883360
0,24074662
0,26551855
0,51886408
0,81218707
0,26307561
0,31200818
0,7684043
0,36015461
1,27924927
0,71474400
0,52261603
0,85671118
0,10572636
0,43244257
0,83847107
0,86682486
0,13043700
0,80465667
0,28185853
0,14251773
0,57625252
0,44273811
0,16206202
0,43778285
0,14764108
0,74675468
1,69040641
1,76304127
1,81399203
0,60355020
0,87828445
0,86304614
0,85818804
0,83333134
0,81356733
0,34216425
0,25543066
1,11697130
0,61786833
0,54106822
0,37053173
0,63507103
0,83163414
0,13160584
0,78725721
0,40563175
0,22276300
0,87754357
0,8138623
0,24565364
0,87408855
0,38248227
0,61778346
0,86511447
1,55487205
1,65542428
0,23625860
0,28741081
0,15845188
0,82388655
0,10733177
0,18143654
0,61132236
0,86080735
0,61320100
0,56812703
0,70267155
0,25246685
0,23655760
0,46840686
0,22404375
0,42133512
0,24257386
0,10760427
0,26344346
0,41583415
0,6856041
0,31784735
0,70220143
0,78152374
0,47714135
0,27637162
0,23555005
0,40521888
0,36311456
0,46601360
0,40007355
1,61688339
1,49129126
0,24563548
0,30325227
0,16154446
0,15146325
0,50788251
0,32015221
0,46758582
0,13138458
0,63567102
0,68425252
0,50568420
0,24814746
0,81827775
0,87332560
0,12241803
0,37771127
0,52615780
0,64508311
0,86767126
0,13661600
0,71783180
0,83106150
0,36083065
0,33267605
0,12046674
0,58732652
0,43660884
0,8712310
0,76573086
0,14285658
0,10548886
1,45783697
1,23157114
1,67786113
1,57259738
0,50755451
0,52877068
0,46602232
0,61057445
0,81455270
0,31343773
0,85786483
0,41621160
0,12472722
0,26412010
0,46148163
0,65141763
0,14012472
0,23413570
0,52863155
0,22848122
0,53626112
0,58886570
0,52563473
0,52228341
0,76220837
0,7506171
0,46632268
0,87025888
0,83360663
0,61734184
0,83123078
1,63473272
0,28314343
0,67517764
0,55025078
0,78510627
0,24476843
0,42342323
0,54784722
0,40230401
0,87881828
0,85788855
0,54011133
0,32813226
0,22422572
0,33648343
0,84550721
0,8578325
0,81158146
0,26878383
0,28484064
0,82310766
0,42032176
0,83620656
0,36637786
0,55056067
0,25244112
0,16104714
0,71075822
0,5487421
0,45710757
0,11270272
0,10640583
0,75030578
0,33373367
0,56754660
0,70673283
0,56322588
0,60427280
0,55647582
0,24658400
0,31157832
0,20621331
0,83165418
0,34382156
0,75607387
0,80840758
0,76263534
1,49902958
1,40358215
1,62092053
0,17515317
0,17134747
0,72345536
0,13478687
0,15151818
0,55248726
0,7280607
0,6727662
1,45586313
0,35015684
0,42207260
0,80434414
0,5288703
0,64542044
0,81045251
0,71747123
0,27431442
1,7455324
1,66849137
0,27204461
0,31614085
0,78030545
0,11143354
0,7503551
0,80020445
0,60786304
0,60850672
0,28512018
0,41232057
0,8208177
0,26040551
0,84525312
0,72477001
0,30851785
1,65859766
0,60581183
0,78010088
0,75833504
0,86011835
0,82317864
0,13865473
0,68776632
0,56126562
0,44442782
0,80486610
0,7220830
0,31415172
1,76625271
0,14750174
0,76045652
0,60111134
0,83223045
0,58123183
0,86801877
0,44461053
0,83875141
0,31628303
0,62633070
0,55604222
0,36781722
0,27537200
0,31572183
0,82066604
0,45258111
0,34304541
0,23644282
0,83570266
0,26470085
0,84166414
0,47241718
0,25232820
0,68477577
0,46503717
0,85103273
0,62251371
1,61990057
0,87037437
0,21465167
0,56502800
0,44534672
0,7113624
0,16682288
0,11758261
0,87833811
0,28568324
0,74123274
0,15485177
0,11231638
0,37035347
1,59807166
0,40154854
0,38501423
0,23521640
0,32021023
0,51082057
0,33806560
0,11834036
0,48638781
0,40600176
0,16808005
0,27468442
0,46572433
0,18641006
1,60575542
1,69610983
0,7075713
0,42171828
0,86671634
0,20050244
0,23744662
0,55065728
0,85782800
0,85467025
0,5823481
0,80582555
0,35528883
0,30272261
0,11813505
0,16662344
0,51002022
0,51658863
0,8388256
1,72536546
0,16883210
0,35800758
0,56471215
0,22032180
0,52334351
0,42217151
0,24418882
0,41511561
0,30680433
0,61835314
0,80872224
0,27118850
0,84286306
0,30345403
0,46848234
0,27420060
1,61563387
1,61550173
0,62724501
0,80112032
0,84038778
0,75405123
0,75256421
0,82413702
0,71485263
0,82143814
0,12176231
0,31745805
0,21500380
0,61401580
0,26732307
0,15003468
0,85138604
0,43837871
0,25116202
0,70312281
0,56034641
0,53853058
0,73344248
0,33742830
0,31083067
0,81151507
0,45485473
0,70835754
0,48821864
0,33323337
1,8982064
1,51261727
1,60226557
0,30184577
0,82278610
0,85281255
0,80604432
0,53474542
0,31376837
0,37547203
0,7208816
0,24531741
0,58364615
0,34531664
0,70505253
0,85152241
0,5127003
0,18835044
1,40517027
0,36133370
0,7577408
0,8780183
0,43834506
0,7711475
0,68616680
0,60420752
0,68677131
0,45171435
0,14517441
0,53280788
0,81721007
0,82326251
0,54333855
0,26347301
0,54515686
0,11286162
0,27370750
0,74224037
0,22476818
1,74818115
1,7564992
1,61007894
1,44607667
0,71455462
0,37613460
0,26536631
0,18307376
0,15354504
0,53120208
0,85587004
0,62777151
0,43221153
0,34614188
0,21208324
0,51438232
0,28328414
0,56207132
0,16031243
1,62836828
0,57058605
0,81235804
0,30373724
0,5241026
0,84235000
0,51371380
0,71015558
0,26484168
0,33155308
0,17573465
0,20682332
0,56321110
1,56286601
1,77865720
0,56757344
0,23010645
0,35228867
0,6584227
0,48273224
0,70263468
0,25560680
0,38705632
0,23347087
0,57684388
1,15164463
0,41688461
0,23811661
0,31013613
0,15632281
0,17327430
0,18333545
0,55050412
0,15016158
0,30543335
0,14426260
0,30612567
0,28888314
0,16804273
0,80014274
0,82661721
0,25660810
1,19903806
1,62109666
1,63376713
0,14327430
0,51823404
0,34372687
0,78265150
0,25075030
0,7373448
0,40455413
0,54622366
0,43773388
0,56286722
0,38564081
0,36762263
0,22853217
0,46511268
0,57202583
0,32563562
0,53212072
0,61630422
0,71414623
0,12876380
0,34531135
0,68260347
0,8600774
0,80414382
0,84774614
0,12166018
0,70627633
0,10530162
0,43872642
0,140271
0,42588047
0,50377624
0,32027561
0,62121825
0,16425820
0,47224754
0,72088613
0,13650442
0,47717863
0,80578341
1,58323368
1,55201215
0,62342886
0,64211072
0,22255225
0,74170535
0,35527757
0,41857051
0,222650
0,72654737
0,84350782
0,77034337
0,17375072
0,21626761
0,33205326
1,62904914
0,27230772
0,87732870
0,5045001
0,84765506
0,84172436
0,13064460
0,24266204
0,37812380
0,73101058
0,46604633
0,35666538
1,48263762
0,17566148
0,30388528
0,56660628
0,426166
0,84250447
0,31242068
0,46817332
0,68752114
0,45714076
0,40655882
0,16863715
0,32561261
0,28485346
0,40370768
0,36624767
0,56535188
0,52721728
1,75348179
1,68258887
0,83208344
0,82367531
0,65322423
0,46421462
0,54134805
0,37744256
0,54413036
0,87558452
0,63578704
0,83046418
0,80285781
0,22060444
0,12720456
0,86467332
1,61845424
1,62618118
0,48058188
0,18426444
0,7372354
0,78026621
0,73513361
0,68057518
0,77683724
0,12341321
0,31653256
0,33250827
0,44688041
0,73444181
1,77518155
1,26140215
0,82310288
0,43662036
0,81330215
0,14850057
0,70615870
0,67521476
0,84585268
0,52717318
0,15142654
0,23868531
0,20575227
0,57533471
0,80268120
0,31087751
0,62682630
0,31021237
0,20388627
0,74364257
0,60000011
0,48367627
0,60467153
1,57492833
0,68424222
0,83401
0,26744720
0,22114378
0,38345670
0,33351418
0,57644638
0,38466081
0,55120401
0,87882725
0,36452231
0,32558263
0,30637786
0,44460032
0,14507381
0,7128747
0,425323
0,51610255
0,33421285
0,44464787
0,13887562
0,72021366
0,60067053
0,38506425
1,34857170
1,7399045
1,50590544
0,28872042
0,58455767
0,8753345
0,38568551
0,77036374
0,25456222
0,24512285
0,41846352
0,84618613
0,21770378
0,48678502
0,34180367
1,69126399
1,72367619
0,81626286
0,48243701
0,33470065
0,12431225
0,71226316
0,57161040
0,71207420
0,21343583
0,84480631
0,87315247
0,50641537
0,6340425
0,21546830
0,25454333
1,22757313
1,77367099
0,44243856
0,30101034
0,33843317
0,87517866
0,87554628
0,44110633
0,85666406
0,34101045
0,65388545
0,74205
0,66066541
0,38823448
0,84232283
0,87138136
0,45258744
0,36625834
0,53600320
0,82266775
0,42230242
0,84164542
0,5752646
1,9489263
1,70145393
1,7854105
0,23538035
0,84850820
0,35455782
0,48865322
0,48410533
0,30030837
0,52087863
0,5408477
0,22003707
0,55614715
0,7474403
0,34535725
0,14566202
1,7597293
1,68881402
1,54615038
0,85802114
0,68616025
0,50887510
0,27868246
0,85623367
0,45365072
0,52011306
0,54002775
0,60225361
0,30636180
0,84858464
0,30423731
0,76710474
0,38145750
0,25280613
0,80304154
0,44763161
0,35280210
0,37388868
1,50638473
0,75216555
0,7864563
0,67272543
0,45352475
0,5275301
0,77632528
0,62838832
0,8130056
0,83650115
0,82061642
0,61217152
0,50085632
0,41347084
0,8570137
0,57588050
0,44081434
0,86330533
0,34541453
0,80162308
0,50268261
0,86381543
0,82571716
0,22031308
0,31467507
0,44162278
0,61672548
0,15747603
1,66312166
0,56632751
0,16557454
0,80416502
0,56400500
0,83141177
0,41713443
0,41670552
0,53853470
0,62530458
0,21340678
0,56652300
0,75533534
0,17615588
0,37375522
0,31805387
0,50048783
0,18741783
0,57257467
0,85684620
0,32067227
0,73148347
0,83576155
0,63801352
0,10208040
0,13310587
0,74286271
0,63824227
0,42866758
0,16477065
0,53872284
0,13047245
0,47881612
0,58874651
0,57087726
0,17015786
0,82455625
0,83457203
1,9087144
0,65770138
0,60458036
0,70570371
0,13641210
0,42252464
0,66562202
0,27273301
0,56638866
0,42451230
0,75854522
0,24331340
0,16701060
0,56253737
0,56770851
0,35263701
1,43095172
0,38538344
0,62755622
0,45340107
0,53088477
0,75427453
0,28183017
0,51137152
0,8250513
0,15844704
0,61447544
0,61341407
0,8454483
1,11198751
0,71280373
0,7205844
0,31376
0,63178213
0,17110144
0,50073420
0,66550234
0,33701014
0,80453468
0,71387652
0,25042071
0,45713130
0,25125735
0,22237737
0,81087054
0,26671117
0,84688536
0,35671461
0,76816583
1,65444491
1,60822799
1,19016409
0,35484272
0,58155726
0,25578802
0,57504824
0,28120686
0,6868583
0,25856004
0,61305817
0,76568302
0,81413840
0,36646181
0,83427535
0,42560011
0,6756832
0,30334427
0,62686863
0,41766074
0,38644868
0,31543057
0,56807616
0,75855027
0,18220075
0,84166757
0,44786777
0,87270160
0,77553534
0,43543270
0,83740605
0,43652641
0,34833755
1,75368810
1,72160095
0,76656087
0,6474734
0,23130215
0,21057851
0,46103503
0,87364266
0,85570551
0,38656564
0,7573431
0,46580118
0,10804404
0,6147115
0,46588085
0,15385067
0,26763141
0,47607671
0,14770842
1,68240864
1,61530618
0,41088266
0,87126556
0,30512770
0,31564125
0,77164278
0,17770883
0,48056682
0,85888650
0,27564478
0,13073160
0,26323325
1,69655264
1,62213572
0,27867446
0,53754281
0,25348087
0,52883248
0,43318056
0,87470112
0,81071447
0,20021675
0,46658023
0,40001884
0,61361333
0,25041006
0,57526270
0,36707263
0,58244270
0,32141421
0,62034051
0,10404668
0,83246486
0,67582582
0,43537345
0,38863616
0,23046847
0,65713781
0,78878756
0,84203381
0,17151704
0,46724034
0,87570571
0,54274432
0,24101525
0,84206843
0,33381702
0,56551261
0,58235333
0,13173123
0,30438038
0,13585644
0,23727204
0,5100883
1,68597666
0,54060166
0,87738684
0,56573560
0,65222372
0,24203678
0,77800854
0,36013656
0,61130448
0,75806356
0,82140738
0,26147732
0,13086286
1,28499481
1,72588264
0,87350620
0,85777228
0,66207451
0,54303061
0,34854564
0,15328370
0,43378057
0,73077105
0,83388351
0,84005216
0,46232648
0,25044824
0,35814523
0,55237774
0,54281678
0,6275740
0,83637531
0,65523560
1,80986747
1,62303820
0,12517717
0,40675216
0,7573103
0,23358834
0,26080324
0,77365107
0,12800422
0,35051545
0,36462845
0,43668434
0,87225382
1,66616561
0,71006826
0,85738507
0,58407727
0,62402603
0,50233878
0,80007468
0,60121080
0,82380774
0,28578737
0,73552671
0,37687378
0,25010132
0,11276512
0,47086222
0,12433485
0,60818228
0,25243060
0,23785088
0,87008463
0,16176175
0,82170661
0,18557016
0,32681643
0,12335231
0,55600368
0,23724465
0,50255381
0,21080861
0,86225253
0,87486608
0,24821605
0,48503602
0,45730064
0,51825238
0,11505558
0,78510707
0,74733716
0,51782675
1,65947381
0,85165433
0,142611
0,83745672
0,62402712
0,14178120
0,65818341
0,16761080
0,37211130
0,55505460
0,58023616
0,13544125
0,71018053
0,57220675
0,78417233
0,74465173
0,22488618
0,41333601
0,18483885
0,62864646
0,8570873
0,17310384
0,7034337
0,23530783
0,51208786
0,42583418
1,74438159
1,61167757
1,59338303
0,36338611
0,52232261
0,50520504
0,86725633
0,42012331
0,44740634
0,50767828
0,64050263
0,5112133
0,43417085
0,25550772
0,54123866
0,28874214
0,72532716
0,55801557
0,25683765
0,35460206
0,61610235
0,76334487
0,80073525
0,27872000
0,37570432
0,18880762
0,73781221
0,40824284
0,71837721
0,46227681
0,82471314
0,53588202
0,43083467
0,22361676
0,10552683
0,87838603
0,40800324
0,83113883
0,38865242
0,23113568
0,66517786
0,57002783
1,60949669
0,46266036
0,34023864
0,16666584
0,6561878
0,75760522
0,42351787
0,74167182
0,26244342
0,84455144
1,7000996
0,36222551
0,76820874
0,81144878
0,84850236
0,58172285
0,86541324
0,7724518
0,36017305
0,28663262
0,17324245
0,43410317
0,30378806
0,87824803
0,60516530
0,70460503
0,36112200
0,27820818
0,57434676
0,28488655
0,25707663
0,60353668
0,51000888
0,85205432
0,6308847
0,58173828
0,66762757
0,86530211
0,86315212
0,64751840
0,50772681
0,62643483
0,45587084
0,86488187
0,15062364
0,7504115
1,69081868
0,8820161
0,15160886
0,47644540
0,5578850
0,50724828
0,40816713
0,85021215
0,34873026
0,16510145
0,64514050
0,50562650
0,24530757
0,83555210
0,12641623
0,17655017
0,32354262
0,77111787
0,56760751
0,53641466
0,14627876
0,35386114
0,65834564
0,41550804
0,23463532
0,55756820
0,78064467
0,85675444
0,85265647
0,7252164
0,25452530
0,44055052
0,16637551
0,55031330
0,48415561
0,5854267
0,52431444
0,46800455
0,70202670
0,50856180
0,26702461
0,77608350
0,54848561
0,40626321
0,58720622
0,86328744
0,70512068
0,65388215
0,36788748
0,84585652
0,75002585
0,12271731
0,27854268
0,35728413
0,63683464
0,44768402
0,73523604
0,58625656
0,67425035
0,6835057
0,77041042
0,50032480
0,10826843
0,20750641
0,46375237
0,44642124
0,60555788
1,74617748
1,70346724
0,31535354
0,46483402
0,28431050
0,75150276
0,86171703
0,31526676
0,87402667
0,85368110
0,5512768
0,20406085
0,38221638
0,54121887
0,17660485
0,52021617
0,45548788
0,18226203
1,37990135
1,64053920
0,74351147
0,68165303
0,13516148
0,33721226
0,85652376
0,37816573
0,82085486
0,17216408
0,76728636
0,23546182
0,6286108
0,85521088
0,40048058
0,15514084
0,22546484
0,31370150
0,68415344
0,50001344
0,70014722
0,42334587
0,15126244
0,33130524
0,77027212
0,76152543
1,75635793
1,61321626
0,64416674
0,47848501
0,12685386
0,53565603
0,8708426
0,76242474
0,78708340
0,77555472
0,80110810
0,24377278
0,73750686
1,63902466
1,83961327
0,58328665
0,42052262
0,75477575
0,10200513
0,31441326
0,28416337
0,23642355
0,85868705
0,86486285
0,87342033
0,87180875
0,14583777
0,86752400
0,45865264
0,66721733
0,37684866
0,85403535
0,68445403
0,54782514
0,25157655
0,54324676
0,30260447
0,63045785
0,7731333
0,26472348
0,70366336
0,28267675
0,37853773
0,7212850
0,18470411
0,87307225
0,22478636
0,74172620
0,75001030
0,72861564
0,34745680
0,35482737
0,10003236
0,40620578
0,40214774
0,15650410
0,86184128
0,74057727
0,31166887
0,24124708
0,72473127
0,84657125
0,82666222
0,44626502
0,11334105
0,65661188
0,65633463
0,45617122
0,15008600
0,74571425
0,10182083
0,32881821
0,58284738
0,43067534
0,35774230
0,54563264
0,54026800
0,10286888
0,80268513
0,42827158
0,78144267
0,76410165
0,73512747
0,53167474
0,82442881
1,62394089
0,58758341
0,42133628
0,25606785
0,10718126
0,34246481
0,14607665
0,18503444
0,17430150
0,7627247
0,30630787
0,84116611
0,16227648
0,10701742
0,67375165
0,6350041
0,54243282
0,75010584
0,33636615
0,73744156
0,83111130
0,26116215
0,10446725
0,7014008
0,26231300
0,54052434
0,21847410
0,33324260
0,83704886
0,14371245
1,7045654
0,17640618
0,73828843
0,46587637
0,24866254
0,83868834
0,58557663
0,25862867
0,63582104
0,15814786
0,23637724
0,34552052
0,45100628
0,15183378
0,36487270
0,57630002
0,75307503
0,44162240
0,58062088
0,62776000
0,41058320
0,55230166
0,16484115
0,47525513
0,51815230
0,28223448
0,42384766
0,34213362
0,37086371
0,41377838
0,37573755
0,23806124
0,42773377
0,7443484
0,28185450
0,78147160
0,224275
0,26212186
0,14166657
0,53153672
1,77733670
0,44205853
0,40568682
0,30035542
0,32533346
0,30131304
0,78650038
0,8238711
0,76133672
0,8167370
0,43642245
0,54337830
0,86634434
0,54318877
0,36320688
0,33704564
0,24570505
0,24787208
0,48833774
0,86751828
0,16324726
0,35007672
0,81758556
0,43843724
0,42302788
0,37421362
0,80185624
0,12638704
0,51851780
0,83547304
0,30171517
1,76431987
0,52646756
0,86300045
0,58681180
0,57600417
0,61631560
0,16512642
0,34636371
0,62381770
0,56147848
0,48802378
0,87777774
0,74747153
0,82786754
0,68455746
0,84764448
0,41414608
0,66835023
0,75844675
0,32805340
0,23508364
0,52802280
0,47233068
0,30683305
0,86170025
0,60688
0,86757318
0,83470023
0,52574671
0,5163808
0,25177014
0,66401354
0,86433502
0,85637545
0,31753473
0,21154056
0,41822566
0,74331056
0,47072434
0,36651243
0,5463804
0,44130000
0,35324561
0,82105727
0,22164532
0,61825787
0,50280801
1,63799009
1,62355458
0,68273547
0,47876278
0,71357812
0,60541421
0,34226154
0,38704030
0,10765443
0,106511
0,83563474
0,74555565
0,72866674
0,46670838
0,53780414
0,18172152
0,21050435
0,73838856
0,43160614
0,30410231
0,26172571
0,80486862
0,43037602
0,32187223
0,54025706
0,56883570
0,26876812
0,83748435
0,46600064
0,38418100
0,45264101
0,76216600
0,43443322
0,62513
0,26550405
0,27747372
0,55887083
0,70472762
0,64387707
0,10066707
0,32122438
0,43165541
1,66430320
0,27353453
0,8787365
0,33554238
0,46477560
0,72382518
0,62808264
1,11147256
0,42781484
0,58638120
0,78464823
0,48484781
0,70680426
0,82750830
0,87877535
0,8155730
0,32778072
0,45816311
0,42010220
0,14634055
1,49935430
0,64546564
0,7338732
0,32144582
0,67285034
0,26682016
0,41854262
0,72875454
0,23788848
0,40377676
0,86117820
0,33706327
0,61128323
0,77874684
1,56081938
1,50152840
0,51661613
0,57460061
0,28456326
0,5816013
0,76637125
0,66438435
0,24873706
0,77065050
0,50403044
0,25552108
1,60714596
1,11511560
0,84524556
0,6042071
0,20122255
0,17684048
0,58232818
0,52431774
0,33658701
0,51668586
0,56462652
0,15225557
0,55562165
1,75859543
1,29984693
0,30512467
0,44231680
0,83846858
0,84413200
0,61233815
0,33081054
0,54501334
0,44122771
0,28671146
0,8215772
0,56543064
0,23117581
1,60074643
0,85746334
0,31602183
0,7365844
0,55558265
0,54318855
0,45771876
0,28513537
0,15364835
0,40571875
0,63285126
0,53743188
0,35184737
0,28111688
0,26478241
0,57657751
0,72672516
0,10882005
0,12166672
0,54066535
0,83425285
0,38417785
0,44083602
0,54235853
0,87243125
0,67542286
0,71771162
0,44748232
0,60385563
0,45351044
0,61814306
0,36747702
0,62840715
0,30615326
0,42675758
0,33871803
0,33861470
0,73477456
0,27642363
0,81425504
0,41778650
0,28024525
0,37112011
0,75008055
0,33365763
0,63017317
0,55213746
0,87785338
0,27422105
0,30507416
0,83428434
0,73088045
0,26656440
0,23485770
0,56368662
1,61876575
0,54617832
0,10534846
0,15840567
0,37777624
0,37202501
1,76590765
0,18214705
0,27681641
0,13445565
0,23108186
0,27302655
0,86640018
0,67310363
0,57882833
0,78862672
0,32424525
0,34644575
0,81256338
0,86640338
0,26622220
1,70886059
0,41082845
0,44113151
0,68150581
0,60447226
0,61333024
0,15021748
0,45524126
0,78523734
0,68310383
0,36745804
0,48687845
0,37380510
0,55444377
0,51212463
0,65452474
0,82710466
0,80447714
0,5723622
0,32140387
0,7652806
0,78515568
0,15051687
0,72144780
0,81627667
0,64253344
0,71185127
0,15133058
0,51331300
1,60793923
0,73772412
0,16305106
0,51637221
0,50217837
0,85880362
0,76232718
0,81536481
0,50448457
0,62357468
0,38760450
0,37320361
0,68611087
0,74214184
0,18447465
0,72582480
0,70626888
0,12040582
0,70723684
0,86323361
0,85674155
0,60652877
0,46036685
0,78103503
0,81140110
0,42412284
0,44347831
0,28600472
0,18202045
0,46338065
0,82456676
0,14108680
0,53864044
0,84025851
0,37827806
0,24457766
0,44305607
0,76843761
0,86370544
0,87860410
0,68178727
0,30528340
0,40656203
0,46222606
0,58038553
0,56684077
0,10763664
0,48186432
0,33435436
0,71874608
0,51745822
0,66474308
0,40553810
0,78644120
0,58325650
0,85883521
0,57581343
0,23125885
1,38201002
1,17887809
1,61934528
0,71357
0,15373712
0,54136188
0,24515883
0,28280152
0,34225104
0,7205478
0,31885168
0,13303614
0,40860266
0,28576546
0,57166380
0,10314634
0,78285366
0,50184526
0,70821442
0,18223680
0,12807781
0,16770325
0,14154420
0,11007776
0,51674642
0,6104162
0,35857506
0,33003513
0,42275026
0,12422054
0,51066640
0,22222282
0,21525880
0,50138450
0,55487463
0,86381772
0,40778470
0,51827851
0,28682531
0,63812005
0,23186377
0,76080585
0,33045287
0,41304053
0,44171335
0,18840524
0,46465423
0,32412126
0,73568132
1,71765817
0,72466020
0,34518541
0,12570643
0,57834487
0,54076165
0,51160121
0,78866502
0,11037841
0,86576686
0,73835183
0,60265518
0,22478244
0,46332845
0,87223821
0,37415437
0,80578073
0,44275336
0,35345124
0,57454376
1,62417582
0,52056631
0,81138182
0,81068485
0,16605484
0,61421852
0,87788818
0,54861405
0,44406818
0,16103525
0,22055508
0,45111760
0,40338307
0,53176654
0,37125532
0,62477136
0,82148575
0,17765346
0,43233360
0,63367180
0,58748722
0,27508005
0,10276556
0,31423728
0,68354173
0,42872141
0,20404876
0,57384158
0,8478600
0,71343810
0,80387748
0,43716033
0,28613460
0,82188310
1,71439201
1,68805944
0,65726384
0,11273683
0,54727217
0,61556450
0,43123671
0,70510115
0,12378845
0,84422862
0,74621861
0,12428243
0,44737233
0,22104527
0,36662570
0,23633762
0,15221560
0,35027424
0,44245056
0,57656342
0,22088218
0,57054338
0,6117461
0,18865015
0,47414840
0,31568417
0,11847574
0,8521374
0,18551358
0,85436105
0,86458134
1,67014085
0,58540562
0,27770450
0,30780428
0,50268573
0,34465325
0,20620675
0,13564874
0,10416355
0,86200522
0,54477181
0,57520762
0,81032456
0,61436463
0,38143205
0,16222808
0,52120527
0,74311488
0,72505171
0,51330574
0,16453661
0,14447475
0,45283084
0,37653725
0,80414212
0,5606840
0,38224784
0,10168683
0,71164726
0,67614813
0,37134015
0,50017527
1,63757037
0,33526617
0,53227035
0,25163408
0,72540421
0,53486132
0,50386770
0,61780030
1,65139522
0,54468524
0,22874636
0,22273375
0,10400550
0,28226527
0,25006028
0,57555353
0,43451763
1,59712312
0,21056524
0,81673427
0,21466441
0,46638012
0,23326188
0,25577228
0,85234555
0,42755465
0,73043202
1,63418561
0,50808517
0,36822633
0,43182085
0,46163710
0,43807701
0,12768254
0,52277761
0,85315061
0,51351832
0,51512223
0,65227535
0,53722308
0,6381784
0,8810208
0,8404164
0,63876230
0,80820362
0,63420788
1,62259458
0,20448352
0,64600600
0,26854723
0,43301708
0,6580461
0,75017681
0,72838620
0,66841702
0,67004101
0,22571550
0,14260854
0,25414544
0,34858646
0,75408034
0,65332748
0,63503426
0,76376185
0,87703751
0,31318874
0,36102603
0,55038118
1,8115794
0,63408550
0,5800736
0,53043822
0,53265228
0,60868347
0,6017880
0,54114880
0,7336414
0,50345386
0,27417204
0,72444810
0,24335712
0,55207683
0,25860541
0,42677167
0,16753258
0,41380438
0,42625331
0,26241764
0,43141685
0,5873510
0,35161056
0,45555671
0,51551631
0,21734856
0,42254813
0,35134537
0,82013360
0,71432167
0,541818
0,60854708
0,12658820
0,51868177
0,78211686
0,48082822
0,24154527
0,60478600
0,87447561
0,52365852
0,68840516
0,54455314
0,50827626
0,14050100
0,18727056
0,35532277
0,38667548
0,57520840
0,61185000
0,54311455
0,78022534
0,36753718
0,87215651
0,11541063
0,60070785
0,58665475
0,28173187
0,52878616
0,6681448
0,28640571
0,72850114
0,84335003
0,27817314
0,82702752
0,33671162
0,51417470
0,38082605
0,34184416
0,10105265
0,14832721
0,10454320
0,11705008
0,74656748
0,25365767
0,37667780
0,17877574
0,45630157
0,21643333
0,15200676
0,22142717
0,33671706
0,45274255
0,24876725
0,44156273
0,58018364
0,34546406
0,13287131
0,23440571
0,50071217
0,53384072
0,66084876
0,36554480
0,24613172
0,37237050
0,11743564
0,23614780
0,25641300
0,13732024
0,24725860
0,63814172
0,51567567
0,287282
0,64701807
0,33728124
0,45735743
0,76651847
0,17613117
0,53157867
0,35287781
0,47272738
0,38680601
0,5368515
0,11603543
0,30515766
0,38306232
0,57030242
0,68083744
0,27853576
1,40692645
0,13460565
0,21184506
0,38485453
0,64565030
1,51423565
0,6527458
0,78140747
0,87865047
0,86133834
0,81613837
0,16405373
0,74700712
0,37103633
0,61233608
1,72930713
0,83176658
0,71731316
0,7275325
0,75565362
0,48715358
0,87877343
0,78433837
0,86577784
0,80131626
1,79569489
0,66804585
0,84781453
0,46602437
0,86610233
0,67036567
0,87362180
1,80891621
0,83577582
0,67252525
0,50315582
0,33033501
0,57311708
0,77873178
0,57087345
0,57465500
0,12753625
0,54556508
0,62571823
0,30084735
0,8333735
0,55145505
0,70503382
0,80557786
0,56578614
1,6333342
0,10512230
0,22371177
0,77588511
1,85515679
0,26337862
0,58656676
0,52468810
0,27041363
0,34303453
0,42011237
0,7271378
0,33128322
0,74625711
1,71948076
0,16833618
0,84265818
0,80854783
0,56526104
0,80225642
0,68028706
0,53023768
0,81454117
0,18043005
0,66805863
0,36622450
0,57151861
0,83862525
0,57407581
0,80068318
0,76441074
0,61737652
0,83716138
0,54073202
0,82581328
0,84181331
0,7221716
0,63270786
0,85680511
0,48405807
0,74445843
0,42756605
0,68113853
0,34540883
0,81558484
0,51577662
1,51180353
1,72860193
0,31208886
0,87582216
0,77278463
0,31522262
0,6131774
0,24826116
0,81543271
0,6324057
0,81214513
0,74434848
0,16162076
0,64465184
0,37317414
0,21738131
0,78158022
0,30420401
0,65601442
0,87302233
0,60801147
0,64812672
0,65427805
0,51703436
0,60025270
0,55082245
0,54027720
0,25863428
0,76514486
0,85510780
0,57546543
0,85680548
0,25617668
0,62261412
0,47113703
0,44375651
0,57520337
0,84133265
0,84712375
0,63632634
0,58101428
0,62387472
0,7636375
0,86887356
0,62530605
0,27442384
0,82574410
0,83288770
0,18431082
0,37470874
0,68150663
1,71873743
0,23706164
0,34130120
0,30358766
0,40620114
0,63831615
0,35162542
0,24785032
0,62657485
0,52101633
1,72056213
0,77755748
0,83170854
0,42407402
0,48351772
0,32460678
0,80606278
0,25375775
0,66318684
0,38276603
0,56708352
1,8063308
0,87764711
0,71445124
0,60111578
0,64583218
0,58470717
0,60337303
0,27156113
0,82506278
0,64222032
0,65634456
0,81113747
0,32683804
0,78827380
0,11053563
0,51302433
0,16214624
0,87531034
0,85760116
0,86448004
0,5047431
0,5422700
0,63766886
0,57380258
0,86836207
1,62822212
0,87262412
0,21247322
1,67703656
1,62917254
0,23418104
0,62444854
0,50403581
0,51658340
0,51228753
0,87351055
0,57860200
0,54528162
0,38717171
0,68370438
0,62756526
0,80480753
0,77877582
0,5675264
0,12342642
0,28072152
0,85766418
0,8267430
0,7041735
0,84872782
1,67958480
1,46486346
0,86860180
0,87164050
0,80530775
0,62138434
0,12371512
0,24873626
0,85627757
0,6280251
0,71284776
1,62788050
0,83210223
0,52310483
0,58304620
0,31338284
0,330730
0,61078601
0,84828308
0,68206001
0,61244232
0,15254878
0,84433706
0,85524757
1,62367015
0,10013104
0,37063732
1,62706758
1,68244541
1,63793307
0,78324728
0,13085602
0,48857666
0,87430221
0,46478216
0,84087016
0,18315886
0,18011678
0,26632415
1,12142327
0,57811008
0,46128186
0,70122442
0,48765782
0,54174418
0,32558753
0,58421
0,51510553
